751 148 408
751 179 782
751 751 6000
752 752 83
753 753 812
754 428 782
754 554 3510
754 564 1058
754 754 5566
755 755 6807
756 756 83
757 757 12289
758 758 83
759 759 83
760 86 6120
760 278 2074
760 760 11904
760 873 5220
761 139 4418
761 396 2444
761 761 8919
762 87 434
762 447 1176
762 762 279
763 763 83
764 764 84
765 249 1749
765 429 3445
765 703 3180
765 765 2892
766 766 83
767 767 10568
768 768 108
768 939 55
769 212 2365
769 769 1932
769 800 3612
769 993 3311
770 16 304
770 552 62
770 596 2067
770 745 1767
770 770 5809
770 844 2852
771 29 2376
771 463 7533
771 771 9308
772 163 3318
772 772 1847
773 670 2516
773 773 3661
774 774 83
775 775 83
776 185 2494
776 194 3139
776 205 2924
776 776 8681
776 777 1978
776 975 6580
777 185 2668
777 194 3358
777 357 2187
777 498 1620
777 776 1978
777 777 6897
778 467 1692
778 582 3666
778 778 19492
779 157 1404
779 779 1604
780 68 630
780 780 2864
781 348 4408
781 781 5859
782 477 3640
782 553 2730
782 686 1190
782 782 10312
782 944 6020
783 783 6807
784 784 83
785 338 4800
785 785 13015
786 786 83
787 787 4052
787 857 2457
788 788 83
789 400 1680
789 789 10972
790 712 5893
790 790 8040
791 166 730
791 208 530
791 310 1239
791 791 4289
792 536 2385
792 792 2892
793 793 3683
794 794 7479
795 795 867
795 829 364
796 796 83
797 724 765
797 797 7308
797 984 6460
798 168 1767
798 218 2852
798 798 1044
799 259 4760
799 584 935
799 590 6808
799 799 15772
800 212 4620
800 769 3612
800 800 7139
800 993 6468
801 801 4439
802 299 357
802 582 1220
802 802 532
802 895 168
803 803 3332
804 555 5785
804 698 2759
804 804 8004
805 805 2999
806 64 5335
806 806 9508
807 0 216
807 422 16
807 807 8020
808 808 83
809 809 6324
810 810 83
811 811 83
812 812 3108
813 813 83
814 531 3652
814 814 6972
815 815 83
816 447 5415
816 452 9215
816 695 6460
816 816 10872
817 817 83
818 687 708
818 818 3564
819 819 2484
820 457 8514
820 820 9415
821 821 83
822 329 2440
822 730 380
822 822 7459
822 986 880
823 25 500
823 120 1840
823 316 72
823 326 144
823 823 547
824 428 6952
824 485 2376
824 824 9196
824 902 3168
825 825 83
826 99 2990
826 826 2199
827 509 2255
827 640 1870
827 827 8149
828 828 83
829 795 364
829 829 252
830 830 83
831 831 83
832 562 574
832 832 2340
832 933 3895
833 833 83
-1