336 336 9492
336 396 6014
337 337 83
338 58 9504
338 338 14775
339 339 6349
339 347 4984
339 858 3472
340 273 296
340 340 8112
340 900 456
341 341 83
342 1 658
342 342 5972
343 343 2053
343 496 602
343 956 330
343 962 627
344 316 3157
344 344 4298
344 403 1482
344 705 645
344 706 473
344 831 41
345 22 318
345 345 2892
345 816 3021
346 60 406
346 180 168
346 346 9495
346 545 5088
346 687 1218
347 46 205
347 140 5742
347 270 1785
347 339 4984
347 347 14274
347 753 735
347 858 5518
347 946 3770
348 348 5708
349 349 6483
350 350 83
351 34 1122
351 351 5335
351 504 2108
352 352 659
353 353 83
354 354 1239
355 355 83
356 114 6205
356 356 7308
357 357 8547
357 564 5336
358 358 3700
359 359 12187
359 447 3626
359 607 4600
359 944 4350
360 360 83
361 37 1269
361 361 15245
361 417 6256
362 362 83
363 363 83
364 364 279
365 365 83
366 366 83
367 367 83
368 368 83
369 369 83
370 370 132
371 371 4308
371 587 4290
372 372 83
373 373 9687
373 484 8036
373 585 4606
373 682 1372
374 374 8136
374 788 6525
374 850 990
375 32 106
375 375 87
376 376 83
377 377 4052
378 201 679
378 378 9492
379 379 823
379 427 770
379 841 2156
380 305 1260
380 380 867
380 622 1428
381 381 11943
382 382 83
383 383 8548
383 571 4508
384 171 7452
384 244 348
384 384 8691
384 394 1932
384 963 12
385 385 83
386 386 83
387 96 1302
387 387 524
387 494 714
388 388 83
389 61 1564
389 389 4707
390 390 339
390 938 1216
391 391 524
391 669 735
392 61 1798
392 392 3927
392 884 2108
393 231 7896
393 393 8919
393 673 564
393 800 4324
394 171 1701
394 384 1932
394 394 524
395 395 83
396 336 6014
396 396 3927
397 397 83
398 35 3948
398 398 7148
399 399 83
400 400 7139
400 897 1596
401 401 83
402 45 3900
402 230 3588
402 402 2787
403 344 1482
403 403 8892
403 456 1425
404 404 4308
405 405 83
406 406 83
407 407 83
408 408 6387
408 428 4020
408 501 2444
408 551 5820
408 578 5148
409 409 83
410 410 83
411 411 83
412 277 5104
412 412 4288
413 413 1239
413 588 1428
413 601 510
413 950 2006
414 414 83
415 415 11868
415 431 6417
415 690 840
416 416 83
417 12 688
417 361 6256
417 417 4771
417 667 176
418 418 83
-1