917 917 1847
918 918 83
919 919 83
920 920 11184
921 22 1200
921 73 1700
921 259 960
921 887 1220
921 921 483
922 922 14028
923 923 6167
924 582 1530
924 924 407
925 925 83
926 777 2024
926 926 567
927 5 7998
927 927 8732
928 928 84
929 214 132
929 929 1172
930 930 83
931 833 276
931 931 227
932 932 83
933 241 168
933 933 1452
934 934 83
935 49 45
935 242 1350
935 440 2376
935 935 3404
936 936 83
937 151 45
937 899 129
937 937 92
938 390 1216
938 501 4368
938 938 8163
939 69 3328
939 939 4179
940 940 83
941 18 3996
941 55 1332
941 941 5559
942 942 83
943 943 83
944 187 507
944 359 4350
944 607 8004
944 718 6853
944 944 17094
945 945 83
946 140 6435
946 347 3770
946 946 4308
947 947 83
948 139 1056
948 302 7708
948 310 2880
948 805 3648
948 948 17032
949 586 658
949 638 2162
949 949 8919
950 6 5452
950 329 4176
950 413 2006
950 513 3596
950 569 2146
950 588 2478
950 601 885
950 950 6928
951 1 4758
951 768 3172
951 951 3804
952 952 14149
953 953 83
954 954 83
955 955 83
956 343 330
956 956 983
956 962 1710
957 605 2482
957 957 11037
958 958 83
959 204 2880
959 429 5040
959 744 4824
959 859 3240
959 959 6563
960 960 83
961 549 528
961 961 227
962 343 627
962 956 1710
962 962 6862
963 244 29
963 384 12
963 963 84
964 964 567
965 965 252
966 966 83
967 34 2109
967 72 1887
967 471 555
967 892 1036
967 967 2293
968 968 99
969 969 8732
970 316 2790
970 970 6427
971 868 234
971 971 6167
972 972 83
973 973 83
974 167 140
974 202 800
974 974 183
975 510 7623
975 975 6012
976 229 616
976 976 867
977 977 4439
978 978 5559
979 62 3723
979 181 1026
979 449 216
979 979 12865
980 980 83
981 981 2484
982 684 3854
982 822 2214
982 982 2205
983 872 750
983 983 408
984 984 83
985 722 6030
985 985 8183
986 608 756
986 986 812
987 987 5832
988 988 83
989 989 308
990 990 83
991 627 3552
991 991 9299
992 772 504
992 992 443
993 993 83
994 994 83
995 995 83
996 996 83
997 676 3124
997 997 2019
998 998 83
999 999 83
-1