585 373 4606
585 484 3854
585 585 2292
585 682 658
586 586 132
586 638 161
586 949 658
587 371 4290
587 587 4439
588 140 3480
588 413 1428
588 588 18825
588 601 630
588 950 2478
589 589 3808
589 664 96
590 590 2752
590 831 1235
591 591 26998
592 592 83
593 593 83
594 133 246
594 594 6807
595 595 812
596 596 83
597 25 9405
597 490 8415
597 597 9884
598 598 7380
598 706 3744
598 864 3744
599 57 780
599 599 252
600 600 759
600 824 1014
601 413 510
601 588 630
601 601 308
601 950 885
602 602 83
603 603 8183
603 779 720
604 604 11800
605 605 1239
605 957 2482
606 92 1540
606 606 7084
607 275 2720
607 359 4600
607 529 6480
607 607 14947
607 944 8004
608 608 867
608 986 756
609 609 83
610 31 1102
610 610 1527
611 611 83
612 612 83
613 613 16653
614 614 204
615 209 1185
615 615 6324
616 616 83
617 617 83
618 618 83
619 206 776
619 619 9492
619 835 6402
620 541 448
620 620 3219
621 299 5586
621 621 3332
621 768 5643
622 305 2295
622 380 1428
622 622 3260
623 623 83
624 624 245
625 625 83
626 626 83
627 627 1452
627 991 3552
628 628 83
629 629 83
630 630 92
631 631 83
632 632 3175
632 688 2332
633 633 1932
633 898 1032
634 475 2208
634 634 4844
635 635 7077
635 800 5475
636 636 83
637 637 84
638 586 161
638 638 5774
638 837 902
638 949 2162
639 546 2574
639 639 10253
639 737 372
639 773 117
639 834 2925
640 640 83
641 123 1813
641 641 2484
642 642 83
643 643 1932
644 644 83
645 645 83
646 139 4240
646 566 1680
646 646 16284
646 800 5280
647 647 83
648 648 83
649 649 83
650 650 6972
650 677 5312
650 843 7553
651 651 308
652 652 83
653 653 83
654 654 83
655 655 83
656 656 483
657 657 83
658 658 83
659 6 2175
659 171 494
659 659 7821
660 660 5124
660 685 2840
661 661 83
662 662 83
663 135 5642
663 663 8364
664 589 96
664 664 2387
665 665 567
666 666 83
667 12 1892
667 417 176
667 667 567
-1