84 84 83
85 85 83
86 86 83
87 87 5559
87 139 3922
88 88 83
89 89 83
90 90 7139
91 91 8919
92 92 9940
92 561 8099
92 606 1540
93 93 83
94 94 8732
95 95 6012
96 96 14572
96 387 1302
96 494 2108
96 730 4816
97 97 6688
97 712 2028
97 862 6545
98 98 1527
99 99 83
100 100 83
101 101 6012
101 802 6391
102 102 83
103 103 1452
104 104 83
105 105 83
106 106 83
107 107 6012
107 175 4081
107 788 2310
108 108 83
109 109 83
110 110 147
110 318 304
111 111 3447
112 112 2583
112 483 1650
112 571 880
112 572 1680
113 113 204
114 114 10937
114 247 3650
114 356 6205
115 115 83
116 116 83
117 117 83
118 118 10838
118 423 2565
118 769 4788
119 119 3013
119 443 1274
120 120 83
121 121 4741
121 196 473
121 718 3655
122 122 16854
122 332 2607
123 123 10574
123 210 2730
123 641 1813
124 124 83
125 125 83
126 126 83
127 127 204
127 262 781
128 128 164
129 129 1527
129 487 380
130 130 83
131 131 308
131 233 675
131 459 1065
132 132 83
133 133 92
133 594 246
134 134 10668
134 139 4416
134 146 96
134 279 816
134 856 2544
135 135 3927
135 663 5642
136 136 9540
137 137 5559
138 57 3612
138 138 28345
138 231 7392
138 551 6241
138 670 6804
138 858 6794
139 87 3922
139 134 4416
139 139 14649
139 146 184
139 279 1564
139 310 1320
139 566 1113
139 646 4240
139 800 3498
139 805 1672
139 856 4876
139 948 1056
140 140 16245
140 347 5742
140 588 3480
140 763 690
140 946 6435
141 141 6012
142 142 444
143 143 83
144 144 812
144 423 1566
144 748 2592
145 145 483
145 436 40
145 905 1120
146 5 140
146 134 96
146 139 184
146 146 8033
146 279 34
146 313 5162
146 681 135
146 856 106
147 147 83
148 148 2325
148 897 1147
149 149 83
150 150 84
151 151 308
151 899 645
151 937 45
152 152 8919
153 153 83
154 154 83
155 155 83
156 156 2387
156 208 2016
157 157 83
158 158 83
159 159 83
160 160 83
161 161 83
162 162 6644
163 163 3219
164 164 12097
164 312 1335
164 831 1068
165 165 83
166 166 83
167 167 279
167 202 1120
167 974 140
-1