419 419 1379
419 662 3384
420 420 83
421 421 924
421 472 493
422 0 216
422 422 11989
422 692 890
422 807 16
423 423 708
424 186 7623
424 424 9884
424 525 9603
424 956 9108
425 425 83
426 426 83
427 427 1604
427 689 3549
428 428 7480
428 485 2133
428 564 1564
428 754 782
428 824 6952
428 902 2844
429 249 2145
429 429 4308
429 703 3900
429 765 3445
430 430 7863
431 431 83
432 325 1344
432 432 3244
433 433 1239
434 20 237
434 434 6648
434 543 1548
435 435 83
436 436 252
437 103 4067
437 125 4067
437 437 6972
438 438 83
439 439 83
440 440 83
441 441 339
441 572 928
441 697 1152
442 65 72
442 355 783
442 442 164
443 443 83
444 226 3115
444 444 8004
445 445 83
446 264 539
446 311 1674
446 373 418
446 446 933
447 87 2604
447 447 18488
447 452 5529
447 695 3876
447 762 1176
447 816 5415
448 448 83
449 449 4707
450 450 83
451 303 1456
451 451 3219
452 206 1716
452 221 1056
452 447 5529
452 452 10581
452 550 1914
452 650 495
452 672 2046
452 695 6596
452 816 9215
453 453 83
454 454 3108
454 567 2860
454 740 2255
455 455 83
456 262 760
456 456 444
457 457 9884
457 820 8514
458 458 119
458 948 360
459 459 3804
460 360 2744
460 460 9687
460 478 4508
461 461 83
462 462 83
463 463 6644
463 771 7533
464 464 6542
465 465 83
466 466 83
467 467 807
467 582 702
467 778 1692
468 468 1172
469 469 83
470 470 83
471 471 83
472 20 6240
472 51 1404
472 91 390
472 421 493
472 472 6456
472 938 6240
473 473 339
474 474 524
474 645 1533
475 475 83
476 476 83
477 477 4468
477 553 2028
477 686 884
477 782 3640
477 944 4472
478 359 3825
478 360 1288
478 460 4508
478 478 4800
479 479 1308
479 918 1995
480 480 339
480 619 48
480 634 1248
481 322 22
481 481 493
482 103 6600
482 482 5829
482 512 473
483 483 5019
484 44 5056
484 246 3318
484 271 4898
484 484 6324
485 104 2346
485 338 884
485 428 2133
485 485 1968
485 824 2376
485 902 972
486 304 1314
486 486 5412
487 487 6375
487 921 66
488 197 860
488 341 1800
488 488 11079
488 739 4560
489 489 4439
490 490 1452
491 491 83
492 492 83
493 493 567
493 914 1782
494 494 3108
494 925 4455
495 495 83
496 496 83
497 33 6534
497 497 9884
497 693 4752
498 357 4860
498 498 6387
498 777 1620
498 868 3848
499 65 8415
499 499 7308
499 932 850
500 500 83
501 501 524
-1