252 252 83
253 32 5518
253 253 3927
254 254 9884
255 255 2292
255 776 470
256 256 83
257 257 4052
258 258 83
259 22 2880
259 73 4080
259 259 2387
259 887 2928
259 921 960
260 260 83
261 261 83
262 127 781
262 262 5124
263 263 83
264 264 83
265 265 83
266 266 83
267 267 83
268 268 3780
269 269 83
270 270 2684
270 347 1785
270 753 1071
271 248 3528
271 271 1847
272 272 83
273 273 247
273 340 296
274 274 164
274 773 288
275 275 1239
275 529 2754
275 607 2720
276 276 83
277 277 7827
277 412 5104
278 278 83
279 134 816
279 139 1564
279 146 34
279 279 372
279 856 901
280 280 252
281 281 4693
282 282 83
283 283 5412
284 284 567
285 285 5559
286 201 1200
286 286 6483
287 287 99
288 288 83
289 289 444
289 703 760
290 290 83
291 291 9943
291 862 2912
292 292 83
293 293 1107
293 820 1632
294 294 83
295 295 3927
295 452 4960
295 669 1054
296 296 339
297 297 7308
297 319 2210
297 728 170
297 767 3400
297 854 5695
298 298 83
299 68 902
299 299 9808
299 574 1045
299 621 5586
299 768 9702
300 300 83
301 301 83
302 302 8919
302 948 7708
303 303 164
304 304 1864
304 730 132
304 906 1656
305 305 2108
305 380 1260
305 622 2295
306 306 83
307 307 108
308 308 3108
308 510 2475
309 309 83
310 139 1320
310 310 3683
310 805 4560
310 948 2880
311 311 7308
312 164 1335
312 312 308
312 831 180
313 146 5162
313 313 3447
314 314 83
315 315 83
316 316 14278
316 344 3157
316 831 77
316 970 2790
317 33 396
317 215 984
317 317 227
317 730 624
318 110 304
318 318 9307
319 297 2210
319 319 759
319 728 52
319 767 1040
319 854 1742
320 320 83
321 321 6012
322 0 702
322 322 407
322 728 1512
323 323 83
324 324 83
325 325 83
326 326 83
327 327 4707
328 328 164
329 6 6768
329 329 8631
329 513 4464
329 569 2664
329 950 4176
330 7 2058
330 210 1296
330 330 5069
330 451 1296
331 331 83
332 122 2607
332 332 14422
333 333 83
334 3 144
334 334 164
335 335 3796
-1