834 546 4950
834 639 2925
834 773 225
834 834 7917
835 206 528
835 555 4425
835 619 6402
835 709 1898
835 821 730
835 835 24042
836 446 1505
836 836 1933
837 638 902
837 837 2167
838 838 83
839 839 5412
840 840 83
841 379 2156
841 427 3430
841 841 11623
842 842 83
843 650 7553
843 677 5824
843 843 9520
844 505 6120
844 668 130
844 844 5271
845 845 83
846 846 83
847 847 708
848 695 3477
848 773 2501
848 816 4400
848 848 6441
848 877 2806
849 849 83
850 374 990
850 850 2108
851 851 83
852 852 1172
853 853 83
854 297 5695
854 319 1742
854 728 134
854 767 2680
854 854 4572
855 855 83
856 134 2544
856 139 4876
856 146 106
856 279 901
856 480 3285
856 856 8221
856 885 4891
857 857 308
858 138 6794
858 224 3185
858 339 3472
858 347 5518
858 551 6794
858 858 13724
859 204 1800
859 429 3150
859 744 3015
859 859 2108
859 959 3240
860 248 2112
860 554 784
860 860 1428
860 904 2937
861 861 83
862 97 6545
862 291 2912
862 862 15589
863 863 83
864 598 3744
864 706 9216
864 864 9299
865 195 495
865 558 6138
865 865 9884
866 866 83
867 867 83
868 868 92
868 971 234
869 869 83
870 870 83
871 725 7533
871 871 8732
872 872 2583
872 983 750
873 873 7139
874 874 2583
875 875 83
876 876 83
877 695 2622
877 773 1886
877 848 2806
877 877 2199
878 174 3960
878 878 7827
879 521 180
879 879 2505
880 44 1276
880 880 7600
881 881 5412
882 720 2806
882 882 13605
883 883 83
884 61 986
884 392 2108
884 884 1239
885 480 3015
885 856 4891
885 885 4572
886 886 83
887 22 3660
887 73 5185
887 259 2928
887 887 9133
887 921 1220
888 888 1452
889 889 279
890 890 83
891 891 83
892 34 1596
892 72 1428
892 471 420
892 892 867
892 967 1036
893 172 1904
893 462 4480
893 893 6940
894 894 83
895 740 3895
895 895 9108
896 896 83
897 148 1147
897 400 1596
897 897 1405
898 633 1032
898 898 659
899 151 645
899 899 1932
899 937 129
900 340 456
900 900 444
901 901 83
902 902 83
903 903 3108
904 248 5696
904 860 2937
904 904 8845
905 145 1120
905 436 112
905 905 11683
906 304 1656
906 906 2199
907 907 83
908 489 135
908 908 812
909 504 1230
909 909 6807
910 910 659
911 911 83
912 912 83
913 913 567
914 61 45
914 914 84
915 915 83
916 575 2555
916 916 5412
-1