502 502 83
503 503 83
504 34 2046
504 351 2108
504 504 4152
504 909 1230
505 505 7308
505 844 6120
506 506 83
507 507 1239
508 508 83
509 509 83
510 308 2475
510 510 11909
510 975 7623
511 511 83
512 512 7652
513 6 5828
513 329 4464
513 513 6231
513 569 2294
513 815 3696
513 950 3596
514 514 204
515 515 83
516 516 83
517 517 83
518 518 83
519 519 3447
519 557 3886
520 520 83
521 521 227
521 879 180
522 430 2457
522 522 1893
523 523 83
524 72 7040
524 524 9619
524 698 5680
524 723 1904
525 525 83
526 235 4700
526 526 2583
527 527 83
528 528 2171
528 748 3654
529 275 2754
529 529 6644
529 607 6480
530 530 83
531 531 4052
532 532 83
533 533 83
534 534 83
535 535 83
536 536 84
537 537 83
538 538 83
539 539 83
540 540 83
541 541 147
541 620 448
542 542 83
543 543 3804
544 544 83
545 346 5088
545 545 2892
546 546 4439
546 639 2574
546 773 198
546 834 4950
547 547 2999
547 577 3510
548 548 1379
549 549 15636
549 961 528
550 550 83
551 138 6241
551 408 5820
551 428 6499
551 551 20357
551 858 6794
552 552 83
553 553 83
554 554 2484
554 860 784
555 555 10565
555 835 4425
556 556 5559
557 519 3886
557 557 4572
558 195 310
558 558 3927
558 865 6138
559 559 83
560 560 83
561 92 8099
561 561 14765
561 761 2508
562 562 6028
563 563 83
564 357 5336
564 564 3447
565 565 83
566 139 1113
566 566 8805
566 646 1680
566 800 1386
567 567 83
568 568 9108
569 6 3478
569 329 2664
569 513 2294
569 569 1452
569 950 2146
570 570 5267
571 112 880
571 383 4508
571 571 5777
571 572 924
572 112 1680
572 571 924
572 572 1847
573 573 83
574 68 7790
574 299 1045
574 574 9397
575 575 1308
575 916 2555
576 576 6807
577 547 3510
577 577 4308
578 408 5148
578 501 4653
578 578 13133
579 579 83
580 580 1379
581 581 7479
582 582 7308
582 924 1530
583 583 83
584 75 4355
584 584 4572
-1