0 0 9069
0 322 702
0 728 3276
1 1 8376
1 342 658
1 768 4056
1 951 4758
2 2 83
3 3 7228
3 334 144
4 4 5267
5 5 18064
5 146 140
5 681 756
5 927 7998
6 6 9544
6 329 6768
6 513 5828
6 569 3478
6 659 2175
6 950 5452
7 7 9687
7 330 2058
8 8 3660
8 222 1134
9 9 83
10 10 2999
11 11 4844
12 12 13588
12 417 688
12 667 1892
13 13 6012
13 28 2772
14 14 83
15 15 8004
16 16 83
17 17 83
18 18 2999
18 55 972
18 941 3996
19 19 83
20 20 3332
20 238 2622
20 747 4845
21 21 7652
21 723 5220
22 22 3719
22 73 5100
22 259 2880
22 345 318
22 816 342
22 887 3660
22 921 1200
23 23 7479
24 24 83
25 25 9108
25 490 8075
25 597 9405
26 26 83
27 27 5371
27 497 4650
28 13 2772
28 28 1379
29 29 16577
30 30 183
31 31 924
31 610 1102
32 32 15975
32 47 4970
32 253 5518
32 375 106
33 33 1172
33 215 2706
33 317 396
33 730 1716
34 34 8390
34 72 2907
34 351 1122
34 463 2205
34 471 855
34 504 2046
34 716 5733
34 892 1596
34 967 2109
35 35 2292
35 398 3948
36 36 2684
37 37 812
37 361 1269
38 38 924
39 39 5267
40 40 9492
41 41 22538
41 45 1551
41 65 3834
41 469 9702
41 731 9108
41 732 132
41 743 6435
42 42 83
43 43 84
44 44 18784
44 880 1276
45 41 1551
45 45 24410
45 230 5175
45 402 3900
45 732 188
46 46 229
46 347 205
47 32 4970
47 47 6427
48 48 9884
49 49 2485
49 242 30
49 935 45
50 50 83
51 51 83
52 52 83
53 53 83
54 54 3564
55 18 972
55 55 22601
55 941 1332
56 56 1932
57 57 11700
57 65 1764
57 138 3612
57 233 1974
57 599 780
58 58 9884
58 338 9504
59 59 759
60 60 924
60 180 348
60 346 406
60 687 2523
61 61 5879
61 389 1564
61 392 1798
61 884 986
61 914 45
62 62 2684
62 979 3723
63 63 1172
64 64 2199
65 41 3834
65 57 1764
65 65 6888
65 233 1974
66 66 132
67 67 2787
68 68 9208
68 299 902
68 574 7790
69 69 2787
69 939 3328
70 70 83
71 71 83
72 34 2907
72 72 17152
72 471 765
72 524 7040
72 698 6248
72 892 1428
72 967 1887
73 22 5100
73 73 10224
73 259 4080
73 887 5185
73 921 1700
74 74 83
75 75 10513
75 584 4355
75 699 5037
76 76 164
76 686 360
77 77 83
78 78 83
79 79 83
80 80 1847
81 81 2484
81 827 3969
82 82 2108
83 83 83
-1