168 168 83
169 169 3899
169 759 60
170 170 83
171 171 8088
171 384 7452
171 394 1701
171 659 494
172 172 1255
172 251 356
172 462 2720
172 893 1904
173 173 5267
174 174 2508
174 241 1520
174 485 580
174 878 3960
175 107 4081
175 175 2892
175 788 1590
176 176 83
177 177 83
178 178 83
179 179 83
180 60 348
180 180 227
180 346 168
180 687 1044
181 181 1527
181 449 304
181 979 1026
182 182 659
183 183 4520
184 184 83
185 185 759
186 186 83
187 187 252
187 944 507
188 188 4707
189 189 147
190 190 3108
191 191 83
192 192 83
193 193 83
194 194 708
195 195 108
195 558 310
195 865 495
196 121 473
196 196 1228
196 681 672
196 718 935
196 799 1088
197 197 2484
198 198 8412
198 812 3600
199 199 7669
200 200 83
201 201 357
201 286 1200
201 378 679
202 167 1120
202 202 6483
202 974 800
203 203 11828
203 743 7938
203 798 4293
204 204 3708
204 429 2800
204 744 2680
204 859 1800
204 959 2880
205 205 83
206 206 147
206 619 776
206 835 528
207 207 83
208 156 2016
208 208 1847
209 209 2909
209 615 1185
210 123 2730
210 210 14412
210 330 1296
210 451 2916
211 211 867
212 212 83
213 213 83
214 214 99
214 929 132
215 33 2706
215 215 8032
215 229 175
215 317 984
215 730 4264
216 216 83
217 217 83
218 218 1604
219 219 2892
220 220 612
221 221 83
222 8 1134
222 222 1847
223 223 1236
223 460 360
223 780 680
223 787 360
224 224 4308
224 858 3185
225 225 83
226 226 83
227 227 8039
228 228 83
229 215 175
229 229 592
229 976 616
230 45 5175
230 230 5685
230 402 3588
231 138 7392
231 231 14883
231 393 7896
231 670 7128
231 673 504
231 800 3864
232 232 83
233 57 1974
233 65 1974
233 131 675
233 233 4317
233 459 3195
234 234 83
235 235 13680
235 526 4700
236 236 83
237 237 2387
237 831 3696
238 20 2622
238 238 7707
238 747 3910
239 239 83
240 240 956
241 174 1520
241 241 6055
241 485 2204
241 933 168
242 49 30
242 242 7224
242 935 1350
243 243 83
244 244 924
244 384 348
244 963 29
245 245 83
246 246 252
247 114 3650
247 247 5412
248 248 11235
248 271 3528
248 860 2112
248 904 5696
249 249 83
250 250 83
251 172 356
251 251 8004
-1