668 668 2019
669 669 9299
669 937 8928
670 670 4788
670 773 2516
671 671 812
671 853 351
672 206 3224
672 221 1984
672 452 2046
672 550 3596
672 650 930
672 672 13143
673 673 983
673 962 2370
674 674 83
675 675 83
676 676 83
677 86 1430
677 616 5187
677 677 9872
677 910 4641
678 678 83
679 679 83
680 680 6324
681 681 13932
681 857 6216
682 682 7060
682 689 2728
683 656 2430
683 683 2108
684 684 83
685 685 83
686 163 156
686 387 216
686 477 884
686 553 663
686 686 9084
686 782 1190
686 852 768
686 858 4928
686 944 1462
687 687 852
687 818 708
688 227 470
688 615 94
688 688 8919
689 259 2232
689 427 3549
689 682 2728
689 689 17536
689 698 1068
690 690 83
691 78 5247
691 231 6237
691 691 9884
692 422 890
692 692 2392
693 33 3168
693 497 4752
693 693 12188
694 694 83
695 447 3876
695 452 6596
695 695 5731
695 816 6460
696 696 83
697 441 1152
697 572 4176
697 697 11725
697 965 1242
698 555 2015
698 689 1068
698 698 8965
698 804 2759
699 378 355
699 560 3408
699 699 5124
700 700 6483
701 701 83
702 702 83
703 249 1980
703 429 3900
703 703 3683
703 765 3180
704 525 660
704 704 983
705 318 2728
705 705 7827
706 337 4628
706 706 2787
707 395 1098
707 707 768
708 359 5917
708 708 11904
709 228 693
709 248 2442
709 709 1172
710 710 83
711 711 2684
712 394 731
712 712 13002
712 790 5893
713 713 83
714 146 816
714 714 227
715 360 3721
715 381 6417
715 715 15157
716 716 4707
716 941 4216
717 351 1102
717 717 1527
718 718 83
719 719 83
720 581 1122
720 720 2760
721 721 83
722 177 6080
722 587 1750
722 722 11608
723 723 83
724 347 3168
724 526 4416
724 724 24806
724 797 765
724 984 684
725 725 83
726 726 83
727 727 83
728 728 339
729 316 288
729 729 99
730 730 108
730 822 380
731 731 83
732 732 83
733 733 83
734 84 5856
734 734 9420
734 972 1078
735 302 3910
735 365 1118
735 735 7231
736 159 1092
736 217 7719
736 736 14816
737 737 83
738 738 4308
738 998 2600
739 341 2280
739 488 4560
739 739 5859
740 454 2255
740 567 2132
740 740 10045
741 412 280
741 741 1683
742 742 83
743 54 2925
743 743 5708
744 744 83
745 16 1488
745 121 7254
745 184 6786
745 398 2025
745 745 37402
745 770 1767
746 746 2007
746 749 540
747 747 83
748 748 83
749 746 540
749 749 983
750 750 5559
-1