0 9.13035e-05
1 0.00184037
2 1.39831
3 0.000649027
4 -0.00242432
5 0.00092842
6 0.204581
7 1.8729
8 0.152695
9 -0.00335559
10 -0.000136834
11 -0.00207408
12 0.666659
13 2.48334
14 0.448829
15 -0.00440485
16 -0.00365357
17 -0.00253956
18 1.00403
19 3.49247
20 -0.266327
21 -0.0070865
22 -0.00520926
23 -0.00284288
24 1.23895
25 0.580512
26 0.688562
27 0.000364598
28 -0.00496987
29 0.0013571
30 0.706878
31 1.25278
32 -0.149763
33 -0.00222441
34 -0.00195661
35 -4.17044e-05
36 0.762093
37 2.9649
38 -0.719298
39 -0.00619118
40 -0.00382545
41 -0.00214391
42 0.95465
43 1.73668
44 -0.318696
45 -0.00243721
46 -0.00522694
47 0.000198631
48 0.418515
49 0.507837
50 -0.188609
51 -0.000637156
52 -0.00042536
53 0.000789235
54 0.133064
55 2.61255
56 -0.63649
57 -0.00521514
58 -0.00279463
59 -0.00179594
60 0.830054
61 0.945333
62 0.141613
63 -0.000273878
64 -0.00289407
65 0.00209593
66 0.500302
67 0.739524
68 0.228265
69 -0.000463675
70 -0.0017677
71 0.00197866
72 0.0241934
73 1.01569
74 -0.186519
75 -0.00126353
76 -0.00148165
77 0.000516851
78 0.395523
79 0.504605
80 0.84145
81 0.00122669
82 -0.00110929
83 0.00291172
84 0.703484
85 0.83696
86 0.374892
87 -0.000828508
88 -0.00275431
89 0.00380448
90 1.1129
91 0.689841
92 0.745731
93 0.000740038
94 -0.00240254
95 0.00473758
96 0.55354
97 0.520731
98 -0.216242
99 -0.000581663
100 -0.00150829
101 0.00304263
102 0.503066
103 1.18069
104 -0.502003
105 -0.00179441
106 -0.00218466
107 0.00323504
108 0.193547
109 0.959186
110 0.225337
111 -0.000204057
112 -0.000530696
113 0.00226588
114 0.728222
115 0.112961
116 0.805661
117 0.00195326
118 -0.000573106
119 0.00411852
120 0.598299
121 0.113365
122 0.204531
123 7.22336e-05
124 -0.000369852
125 0.00382383
126 0.798383
127 0.711564
128 -0.766276
129 -0.0019234
130 -0.001199
131 0.00372649
132 0.932967
133 0.855098
134 0.614373
135 0.00113709
136 -3.14656e-05
137 0.00702491
138 1.03929
139 0.574813
140 -0.743411
141 -0.00162797
142 -0.000716853
143 0.00382658
144 0.665319
145 0.788698
146 0.295799
147 0.000399267
148 -4.00873e-05
149 0.00533726
150 1.24473
151 0.246905
152 1.79722
153 0.0038075
154 0.00216238
155 0.00717481
156 0.496891
157 0.51574
158 0.596906
159 0.000597155
160 0.00122619
161 0.00485834
162 0.931447
163 0.625543
164 2.33858
165 0.00488598
166 0.00259351
167 0.00797255
168 0.550731
169 0.466789
170 2.98312
171 0.00593834
172 0.0049538
173 0.00582555
174 1.09508
175 -0.00804176
176 3.50886
177 0.0141366
178 0.0129245
179 0.279222
180 0.000311954
181 0.00119537
182 0.51883
183 0.000162311
184 0.00040994
185 0.000215171
186 0.0815363
187 1.5142
188 0.159002
189 -0.00288796
190 0.000630706
191 0.000579448
192 0.521845
193 0.869016
194 -0.0403435
195 -0.00128357
196 -0.00179021
197 0.000880261
198 0.0908958
199 2.86038
200 -0.275978
201 -0.0058978
202 -0.000137114
203 0.000441169
204 0.515582
205 1.53885
206 0.0880992
207 -0.00209956
208 -0.00151421
209 0.000547414
210 0.406591
211 0.105947
212 0.254958
213 0.00056478
214 -0.000799934
215 0.000755282
216 0.4363
217 1.07017
218 -0.0829434
219 -0.0019131
220 -0.00112664
221 0.000662835
222 0.522559
223 1.15907
224 -0.0106939
225 -0.0016107
226 -0.000754565
227 0.000931049
228 0.592431
229 1.56967
230 -0.456112
231 -0.00281465
232 -0.00128939
233 0.00120916
234 0.521136
235 0.102325
236 0.226676
237 8.77999e-05
238 -0.00109447
239 0.00101186
240 0.365106
241 0.376367
242 0.288651
243 -3.28132e-05
244 -0.000880011
245 0.00129263
246 0.47756
247 0.157132
248 -0.101892
249 -0.000354119
250 -0.000425143
251 0.0010007
252 0.454479
253 0.163104
254 0.500089
255 0.000485985
256 -0.000542815
257 0.00104225
258 0.517791
259 -0.0156928
260 0.232936
261 0.000548591
262 -0.000672039
263 0.00181947
264 0.459204
265 0.135032
266 0.000108358
267 -0.000199119
268 -0.000342973
269 0.00124913
270 0.43024
271 0.129453
272 0.175646
273 0.000419116
274 -0.000338959
275 0.00118659
276 0.406943
277 0.488992
278 -0.15814
279 -0.00065532
280 -0.000590811
281 0.00123971
282 0.402655
283 0.525407
284 0.0977888
285 -0.000393121
286 -0.00044652
287 0.00127056
288 0.44236
289 0.461749
290 0.0178559
291 -0.000442912
292 -0.000324242
293 0.00179953
294 0.541119
295 -0.00496012
296 0.0522056
297 0.000419487
298 -0.000217025
299 0.00173803
300 0.132271
301 0.32387
302 0.139466
303 -0.0001368
304 0.000535395
305 0.000353602
306 0.103015
307 0.149017
308 0.176262
309 0.000275715
310 0.000394358
311 0.00102028
312 0.304328
313 -0.028066
314 1.48801
315 0.00317064
316 0.000361995
317 0.00103958
318 0.0747476
319 0.0110939
320 0.670792
321 0.000950729
322 0.000565716
323 0.000408298
324 0.466599
325 0.0549371
326 0.863878
327 0.00180778
328 0.000206675
329 0.00193288
330 0.464107
331 0.309619
332 -0.338201
333 -0.00103529
334 -2.80526e-06
335 0.00246987
336 0.253644
337 0.283862
338 1.49872
339 0.00347568
340 0.000216902
341 0.00133494
342 0.157553
343 0.20109
344 0.905067
345 0.00201802
346 0.000219863
347 0.0012593
348 0.211393
349 0.165202
350 -0.0356753
351 -0.000342007
352 0.000180297
353 0.000918321
354 0.582078
355 0.0198581
356 3.1969
357 0.0136964
358 0.00480309
359 0.27501
360 0.000319562
361 0.000489906
362 0.46026
363 1.33316e-05
364 0.000149892
365 0.000407507
366 0.0859284
367 0.960793
368 0.19002
369 -0.00160814
370 -6.34505e-05
371 0.00026633
372 0.33978
373 1.9088
374 0.132512
375 -0.00336196
376 -0.000660012
377 0.000273367
378 0.21209
379 0.76892
380 0.268967
381 -0.00126601
382 -0.000478406
383 0.000584536
384 0.391078
385 0.126422
386 0.214324
387 6.01872e-05
388 -0.000398799
389 0.000754275
390 0.584471
391 0.310904
392 0.282426
393 -0.000253538
394 -0.00131534
395 0.00102698
396 0.145433
397 2.07482
398 -0.412604
399 -0.00430699
400 -1.61507e-05
401 0.00042541
402 0.155968
403 0.665042
404 -0.178924
405 -0.000533165
406 0.00021925
407 0.000353823
408 0.586558
409 1.33551
410 -0.0944398
411 -0.00236845
412 -0.00155129
413 0.00127125
414 0.127254
415 0.701658
416 -0.112732
417 -0.00137927
418 -0.000267157
419 0.000389128
420 0.384938
421 0.411389
422 0.1278
423 -0.000225176
424 -0.000960199
425 0.00115014
426 0.378414
427 1.03948
428 -0.156872
429 -0.00174067
430 -0.000764074
431 0.00137916
432 0.00605972
433 0.224268
434 -0.0482905
435 -0.000367461
436 0.000338184
437 2.42244e-05
438 0.357936
439 0.400233
440 0.0653661
441 -0.000371399
442 -0.000687919
443 0.00117405
444 0.43862
445 -0.032548
446 0.353032
447 0.000631285
448 -0.000553468
449 0.00135014
450 0.43024
451 0.571117
452 0.00401141
453 -0.000546616
454 -0.000338959
455 0.00133555
456 0.285737
457 0.614852
458 -0.389782
459 -0.00124795
460 0.000148127
461 0.00126941
462 0.429857
463 0.514135
464 -0.0231765
465 -0.000409465
466 -0.000510782
467 0.00158893
468 0.145433
469 0.0425296
470 0.39398
471 0.00076523
472 0.000231088
473 0.000896042
474 0.410441
475 0.391947
476 -0.0204662
477 -0.000214343
478 -6.04565e-05
479 0.00143262
480 0.161597
481 0.313446
482 -0.11965
483 -0.000453596
484 0.000182666
485 0.00126151
486 0.0121194
487 0.44705
488 0.441079
489 0.000603621
490 -6.22767e-06
491 0.000170054
492 0.267502
493 0.0954408
494 0.841384
495 0.00158872
496 -4.64425e-06
497 0.00142309
498 0.497749
499 0.19225
500 -0.00719004
501 -0.000290608
502 -0.000273532
503 0.00201317
504 0.509017
505 0.0228905
506 0.49281
507 0.00102935
508 0.000238362
509 0.00183084
510 0.036953
511 0.392701
512 0.985225
513 0.00193053
514 0.000620443
515 0.000485649
516 0.247026
517 0.303366
518 1.00719
519 0.00178186
520 0.000412622
521 0.00120492
522 0.302986
523 0.273824
524 0.831939
525 0.00188745
526 5.06306e-05
527 0.00138373
528 0.409845
529 0.290315
530 2.26961
531 0.00452058
532 0.000196684
533 0.00214397
534 0.281083
535 0.0168291
536 3.12329
537 0.0120316
538 0.0019998
539 0.0925894
540 0.000448909
541 0.000372328
542 0.744772
543 0.000339711
544 0.000271168
545 0.000433125
546 0.3038
547 1.99434
548 0.0156584
549 -0.00398392
550 -0.000403606
551 0.000613234
552 0.113484
553 0.627439
554 0.159225
555 -0.000333766
556 0.000291087
557 0.000167346
558 0.309046
559 1.66087
560 -0.168112
561 -0.00319389
562 -0.00075144
563 0.000682844
564 0.0587838
565 1.0635
566 0.0750557
567 -0.00145101
568 0.000757646
569 7.99039e-05
570 0.57784
571 0.806646
572 -0.165019
573 -0.00131526
574 -0.00138165
575 0.00104418
576 0.43024
577 0.218402
578 0.0242756
579 -0.000271291
580 -0.000549812
581 0.000877348
582 0.0736488
583 0.663981
584 -0.0210406
585 -0.00110837
586 0.000680493
587 0.000581356
588 0.166904
589 1.22724
590 -0.229143
591 -0.00224785
592 7.84401e-05
593 0.00034214
594 0.357524
595 0.745512
596 0.00129854
597 -0.0012584
598 -0.000358258
599 0.00111445
600 0.516757
601 0.960256
602 -0.521516
603 -0.00173611
604 -0.000514945
605 0.0015298
606 0.544424
607 0.874667
608 -0.102034
609 -0.00118915
610 -0.00059586
611 0.00134615
612 0.478718
613 0.407761
614 0.275081
615 -0.000305281
616 -0.000377401
617 0.00111692
618 0.386221
619 0.0966764
620 0.420851
621 0.000509795
622 -0.00059644
623 0.0012331
624 0.207469
625 0.401335
626 -0.172039
627 -0.000674299
628 -0.000282227
629 0.000821661
630 0.478718
631 0.472124
632 -0.364128
633 -0.0011931
634 -0.000866895
635 0.00165897
636 0.0468968
637 0.376991
638 0.271518
639 0.000292568
640 5.17848e-06
641 0.000153001
642 0.489979
643 -0.0659885
644 0.747532
645 0.00135102
646 -0.000661058
647 0.00176159
648 0.151493
649 0.431371
650 0.14129
651 -0.000131963
652 -0.00018373
653 0.000989654
654 0.120051
655 0.378531
656 -0.0858182
657 -0.000446371
658 -2.14117e-05
659 0.000394193
660 0.273148
661 0.429088
662 -0.0507769
663 -0.000296268
664 0.000228228
665 0.00117098
666 0.109075
667 0.298033
668 0.878768
669 0.00151974
670 0.000221581
671 0.000473798
672 0.129083
673 0.203443
674 0.238381
675 0.000369522
676 0.00019955
677 0.000879768
678 0.347852
679 0.221762
680 -0.154782
681 -0.000420686
682 8.47956e-05
683 0.00142549
684 0.133314
685 0.306732
686 1.26155
687 0.00246677
688 6.15836e-05
689 0.000534448
690 0.179349
691 0.14109
692 -0.149491
693 -0.000669928
694 0.0003162
695 0.00153078
696 0.272362
697 0.276925
698 0.165404
699 0.000438918
700 0.000151754
701 0.00163173
702 0.381763
703 0.329445
704 1.54494
705 0.00336619
706 7.39563e-05
707 0.0015092
708 0.2762
709 0.259883
710 1.68149
711 0.00330087
712 2.9495e-05
713 0.00102878
714 0.386233
715 0.332461
716 2.81987
717 0.0110425
718 0.00423687
719 0.20889
720 0.000205433
721 0.00176366
722 0.610853
723 0.000206884
724 0.000439865
725 0.000424231
726 0.0707169
727 0.605302
728 0.215188
729 -0.00101848
730 -0.000190466
731 0.000142815
732 0.13939
733 2.88487
734 0.0218727
735 -0.0056333
736 0.000278229
737 0.00013868
738 0.0908958
739 2.86038
740 -0.160458
741 -0.00592202
742 0.000262241
743 5.58509e-05
744 0.46714
745 2.46087
746 -0.173826
747 -0.00414755
748 -0.000758163
749 0.000903235
750 0.258683
751 2.41804
752 -0.536238
753 -0.00423431
754 -0.000471824
755 0.000597288
756 0.260568
757 1.98746
758 -0.479083
759 -0.00405496
760 -0.000643281
761 0.000370127
762 0.388589
763 1.98121
764 -0.305177
765 -0.00332622
766 -0.00114918
767 0.00105103
768 0.093155
769 0.030925
770 0.338236
771 0.00089485
772 0.000277249
773 0.000684943
774 0.0242389
775 1.09634
776 -0.0268056
777 -0.00169522
778 0.000181572
779 0.000453831
780 0.516781
781 0.624931
782 -0.411497
783 -0.00126141
784 -0.000719602
785 0.00114873
786 0.110059
787 0.951865
788 -0.0544347
789 -0.0013386
790 0.000533191
791 0.000181766
792 0.0424181
793 0.784939
794 -0.366475
795 -0.0014704
796 0.000513533
797 0.000136638
798 0.251483
799 0.0683168
800 0.239993
801 0.000463964
802 -0.000282424
803 0.00105426
804 0.491589
805 0.150887
806 0.224437
807 0.000321782
808 -0.000772524
809 0.00124508
810 0.4363
811 0.266521
812 -0.142303
813 -0.000579992
814 -0.000583042
815 0.00145041
816 0.0741001
817 0.255512
818 0.423253
819 0.000707776
820 0.000177334
821 0.000414884
822 0.189737
823 0.00102548
824 0.255694
825 0.000542972
826 -5.87842e-05
827 0.000533562
828 0.363583
829 0.303783
830 0.152049
831 0.000126138
832 3.07153e-05
833 0.00131601
834 0.244516
835 0.332573
836 0.417678
837 0.000496828
838 -6.4846e-05
839 0.0010908
840 0.584765
841 0.397707
842 0.56023
843 0.000532223
844 -0.000220291
845 0.0018325
846 0.327225
847 0.282618
848 0.708306
849 0.00116453
850 -0.000143469
851 0.00137401
852 0.247968
853 0.181119
854 -0.170611
855 -0.000507389
856 0.000199136
857 0.00109812
858 0.178494
859 0.283991
860 -0.260525
861 -0.000567792
862 0.000293132
863 0.001463
864 0.0969556
865 0.251795
866 1.59888
867 0.00325577
868 0.00038657
869 0.00118688
870 0.122107
871 0.282988
872 1.18361
873 0.00198045
874 0.000185358
875 0.000489651
876 0.066965
877 0.222076
878 -0.303177
879 -0.000897326
880 6.76032e-05
881 0.000639605
882 0.278747
883 0.260989
884 0.168194
885 0.000469221
886 -4.6261e-05
887 0.0014758
888 0.383853
889 0.0632534
890 1.02158
891 0.00241512
892 0.000498518
893 0.0013945
894 0.430421
895 0.000375515
896 2.95492
897 0.0117949
898 0.00431781
899 0.74377
900 0.000273911
901 0.00176366
902 0.259435
903 0.000309968
904 0.000655008
905 0.000413823
906 0.179792
907 2.94801
908 -0.00283098
909 -0.00598521
910 -0.000137977
911 0.000438042
912 0.347764
913 1.76339
914 -0.164123
915 -0.00268533
916 -0.000748303
917 0.000485589
918 0.393882
919 0.215298
920 0.0811296
921 -0.000292298
922 -0.000724108
923 0.000750462
924 0.295218
925 0.114399
926 0.2842
927 0.00022528
928 -0.000104375
929 0.00068062
930 0.570787
931 -0.0427391
932 0.0964785
933 0.000204272
934 -0.0014241
935 0.000987653
936 0.363583
937 1.13569
938 -0.156693
939 -0.00204147
940 -0.000314417
941 0.000438898
942 0.450601
943 1.82909
944 -0.442944
945 -0.00356341
946 -0.00106166
947 0.00116698
948 0.280089
949 1.12169
950 -0.248787
951 -0.00165775
952 -0.000419583
953 0.000990983
954 0.0484778
955 0.950162
956 -0.26988
957 -0.00166518
958 0.000413127
959 0.000481028
960 0.354915
961 0.358111
962 0.175413
963 4.3483e-05
964 -0.000406713
965 0.000799763
966 0.116902
967 -0.00746981
968 0.132857
969 0.000258239
970 -5.86887e-05
971 0.000317318
972 0.460539
973 0.774745
974 -0.0867335
975 -0.00121324
976 -0.000495716
977 0.00123307
978 0.0516117
979 0.343603
980 -0.144303
981 -0.000191258
982 4.12642e-05
983 0.000614983
984 0.297874
985 -0.0151491
986 0.401871
987 0.000632661
988 0.000162346
989 0.00113971
990 0.527196
991 0.616807
992 -0.101972
993 -0.000884725
994 -0.000957539
995 0.00150841
996 0.226177
997 -0.0404537
998 0.341036
999 0.000974939
1000 -0.00019633
1001 0.00101761
1002 0.369793
1003 0.135953
1004 0.133001
1005 0.000132983
1006 -0.000462845
1007 0.00145585
1008 0.109075
1009 0.309858
1010 -0.200885
1011 -0.000359549
1012 0.000152025
1013 0.000742532
1014 0.0624094
1015 0.397091
1016 -0.146362
1017 -0.000280996
1018 0.000269938
1019 0.000480006
1020 0.124386
1021 0.448847
1022 -0.265836
1023 -0.000917244
1024 0.00033591
1025 0.000404912
1026 0.0848361
1027 0.395665
1028 0.857144
1029 0.00141315
1030 0.000160002
1031 0.000440629
1032 0.599986
1033 0.347755
1034 -0.214683
1035 -0.000583428
1036 -0.000128908
1037 0.00199187
1038 0.218511
1039 0.0866399
1040 1.08412
1041 0.00239352
1042 0.00010569
1043 0.00114455
1044 0.539315
1045 0.137343
1046 -0.0570835
1047 8.06065e-05
1048 -0.000189111
1049 0.00278402
1050 0.166432
1051 0.0569552
1052 0.451861
1053 0.000989792
1054 0.000358341
1055 0.00132905
1056 0.272241
1057 0.223553
1058 1.1423
1059 0.0022656
1060 0.000372403
1061 0.00156643
1062 0.333285
1063 0.376509
1064 2.38957
1065 0.00498853
1066 0.000290106
1067 0.00186773
1068 0.0363121
1069 -0.118848
1070 3.52074
1071 0.00689246
1072 0.00048848
1073 0.000593729
1074 0.458825
1075 0.0162992
1076 0.738484
1077 0.0011112
1078 0.00499704
1079 0.297762
1080 0.000144564
1081 0.0010386
1082 0.468597
1083 7.92396e-05
1084 0.000855239
1085 9.19227e-06
1086 0.0387748
1087 0.78341
1088 -0.0883648
1089 -0.00163114
1090 -2.57209e-05
1091 0.000194026
1092 0.101742
1093 2.67847
1094 0.0505118
1095 -0.00497556
1096 -0.000327704
1097 0.000114335
1098 0.0121194
1099 0.430595
1100 0.277779
1101 -0.000441418
1102 0.000127514
1103 0.000368604
1104 0.53409
1105 2.18231
1106 -0.357463
1107 -0.00441234
1108 -0.00122324
1109 0.000892789
1110 0.172199
1111 2.44098
1112 -0.2571
1113 -0.00438976
1114 0.000228877
1115 0.000320187
1116 0.490838
1117 0.131041
1118 -0.0284687
1119 6.26694e-05
1120 -0.00115179
1121 0.000957931
1122 0.453778
1123 0.14268
1124 0.151047
1125 -0.000127438
1126 -0.000714481
1127 0.00109172
1128 0.435595
1129 1.24296
1130 -0.227398
1131 -0.00237581
1132 -0.000429836
1133 0.00100066
1134 0.406001
1135 1.12558
1136 -0.0295758
1137 -0.00192322
1138 -0.00102809
1139 0.000933493
1140 0.302195
1141 -0.0583472
1142 0.129189
1143 0.000661846
1144 -0.000361933
1145 0.000609826
1146 0.552022
1147 0.0899219
1148 0.0366918
1149 -0.000106937
1150 -0.00125228
1151 0.00123032
1152 0.557494
1153 0
1154 0.449598
1155 0.000712466
1156 -0.00127417
1157 0.00161873
1158 0.482871
1159 0.0750413
1160 -0.104325
1161 -0.000100132
1162 -0.000567563
1163 0.00130965
1164 0.575724
1165 0.796556
1166 -0.295199
1167 -0.00159769
1168 -0.000988079
1169 0.0016866
1170 0.424181
1171 0.175143
1172 0.503712
1173 0.000731633
1174 -0.00019362
1175 0.000934164
1176 0.200479
1177 0.220814
1178 -0.178274
1179 -0.000659343
1180 0.00010285
1181 0.000473432
1182 0.0853069
1183 0.167585
1184 0.563991
1185 0.00109752
1186 9.66665e-05
1187 0.000495329
1188 0.181792
1189 0.0546809
1190 0.941976
1191 0.00184114
1192 0.000139826
1193 0.000503306
1194 0.382823
1195 0.392764
1196 -0.306323
1197 -0.000915273
1198 3.34999e-05
1199 0.0017153
1200 0.384441
1201 0.200221
1202 0.213197
1203 0.000508262
1204 -3.4482e-05
1205 0.00164541
1206 0.22421
1207 0.0256925
1208 0.829837
1209 0.00155548
1210 -0.000142975
1211 0.000822736
1212 0.488948
1213 0.372132
1214 -0.454841
1215 -0.00119458
1216 -0.000337023
1217 0.00242906
1218 0.288117
1219 0.115231
1220 0.391087
1221 0.0010216
1222 0.000269351
1223 0.00176705
1224 0.478718
1225 0.0869838
1226 1.38783
1227 0.00274608
1228 -0.000155841
1229 0.00207317
1230 0.0953844
1231 -0.0355881
1232 0.279593
1233 0.000204721
1234 0.000448409
1235 0.000764112
1236 0.377781
1237 0.308413
1238 0.28965
1239 0.00059324
1240 0.000197401
1241 0.00154497
1242 0.206031
1243 0.11552
1244 2.86726
1245 0.00608265
1246 0.00041942
1247 0.00127893
1248 0.0270441
1249 0.186965
1250 2.25168
1251 0.0039724
1252 0.000242783
1253 0.0010297
1254 0.471691
1255 0.319913
1256 3.28973
1257 0.0126794
1258 0.00527674
1259 0.100082
1260 0.000616299
1261 -6.86505e-22
1262 0.343166
1263 1.74803e-05
1264 0.000195585
1265 6.48192e-05
1266 0.133305
1267 2.7081
1268 -0.08533
1269 -0.00549954
1270 0.000100489
1271 0.000210377
1272 0.603969
1273 2.92572
1274 -0.288503
1275 -0.00500744
1276 -0.00162872
1277 0.000477913
1278 0.502957
1279 0.276811
1280 0.183767
1281 -0.000227974
1282 -0.00176342
1283 0.000632584
1284 0.497106
1285 1.40774
1286 -0.182417
1287 -0.00263539
1288 -0.00077362
1289 0.000539965
1290 0.546863
1291 2.52104
1292 -0.488141
1293 -0.00496854
1294 -0.00163182
1295 0.000957398
1296 0.351464
1297 0.873607
1298 0.184086
1299 -0.00140074
1300 -0.00111947
1301 0.000613797
1302 0.443674
1303 1.60078
1304 -0.313547
1305 -0.00276609
1306 -0.000907633
1307 0.00103259
1308 0.586746
1309 1.54714
1310 -0.51239
1311 -0.00283375
1312 -0.00116248
1313 0.00119478
1314 0.290867
1315 1.34484
1316 -0.410048
1317 -0.00281667
1318 -3.70326e-05
1319 0.00081155
1320 0.372545
1321 0.768266
1322 -0.054697
1323 -0.000836607
1324 -0.000848507
1325 0.0014163
1326 0.201688
1327 0.19124
1328 0.376934
1329 0.000263052
1330 -0.000303172
1331 0.000867772
1332 0.533256
1333 0.428149
1334 -0.144662
1335 -0.000762459
1336 -0.000956995
1337 0.00138616
1338 0.250835
1339 0.656128
1340 -0.183343
1341 -0.000997473
1342 -0.000117489
1343 0.000747711
1344 0.365858
1345 0.408921
1346 0.136926
1347 -0.000145413
1348 -0.0001906
1349 0.00139313
1350 0.278747
1351 0.076149
1352 0.135572
1353 0.000184063
1354 -0.000210865
1355 0.000859598
1356 0.571667
1357 0.312627
1358 0.463983
1359 0.000556219
1360 -0.000764375
1361 0.00170879
1362 0.197246
1363 0.119444
1364 -0.00684686
1365 -0.000173309
1366 0.000386686
1367 0.000725457
1368 0.0363583
1369 0.0911348
1370 -0.0746746
1371 -1.34907e-05
1372 1.3553e-05
1373 0.00043028
1374 0.269243
1375 0.293033
1376 0.387217
1377 0.000705348
1378 -0.000200004
1379 0.000881825
1380 0.485318
1381 0.0879651
1382 0.816276
1383 0.00164867
1384 -0.000314538
1385 0.00205225
1386 0.248449
1387 0.328865
1388 0.737301
1389 0.00128422
1390 1.73176e-05
1391 0.000894181
1392 0.321018
1393 0.23059
1394 -0.351254
1395 -0.000856009
1396 0.000130626
1397 0.00172605
1398 0.37888
1399 0.200118
1400 0.0513322
1401 0.000296133
1402 6.91006e-05
1403 0.00132322
1404 0.387822
1405 0.183124
1406 0.666455
1407 0.00145874
1408 3.88925e-05
1409 0.00139888
1410 0.428113
1411 0.366701
1412 -0.36147
1413 -0.000972539
1414 -0.000123086
1415 0.00168168
1416 0.221881
1417 0.0578344
1418 0.865727
1419 0.00200798
1420 7.72273e-05
1421 0.000899612
1422 0.521136
1423 0.0898486
1424 1.78583
1425 0.00392272
1426 -0.000128159
1427 0.00249833
1428 0.262114
1429 0.0523427
1430 2.87133
1431 0.00566981
1432 0.00018732
1433 0.00121763
1434 0.158639
1435 0.253167
1436 0.754983
1437 0.00194831
1438 0.00239201
1439 0.286639
1440 2.28259e-05
1441 0.00107779
1442 0.158984
1443 0.000355173
1444 0.00021828
1445 0.000241804
1446 0.220634
1447 0.827988
1448 0.0152567
1449 -0.00146921
1450 -0.0007181
1451 0.00066917
1452 0.416388
1453 2.28053
1454 0.137238
1455 -0.00417072
1456 -0.000773459
1457 0.000778709
1458 0.0848361
1459 2.12222
1460 -0.155624
1461 -0.00415055
1462 0.000236518
1463 0.000190165
1464 0.345489
1465 1.85831
1466 -0.236014
1467 -0.00326157
1468 -0.000650431
1469 0.000786699
1470 0.498159
1471 1.89452
1472 -0.255569
1473 -0.00325508
1474 -0.00144025
1475 0.000673519
1476 0.242389
1477 0.0873607
1478 0.368633
1479 0.000416562
1480 -0.000368345
1481 0.000752815
1482 0.175121
1483 0.913498
1484 -0.0722478
1485 -0.00176106
1486 0.000204449
1487 0.000537215
1488 0.14452
1489 1.37606
1490 -0.476519
1491 -0.00277514
1492 -0.000218729
1493 0.00053994
1494 0.448419
1495 1.43255
1496 -0.423497
1497 -0.00293137
1498 -0.00113103
1499 0.000875808
1500 0.553742
1501 0.856554
1502 -0.338186
1503 -0.0011971
1504 -0.00138188
1505 0.00127606
1506 0.133891
1507 1.04807
1508 -0.349882
1509 -0.00196022
1510 0.000282112
1511 0.000199824
1512 0.345404
1513 0.15291
1514 -0.0950627
1515 -0.00037677
1516 -0.000210924
1517 0.000937457
1518 0.352286
1519 0.00373979
1520 0.197785
1521 0.000330731
1522 2.78257e-05
1523 0.000782812
1524 0.326752
1525 0.369549
1526 0.00346954
1527 -0.000412621
1528 -0.000154317
1529 0.00105933
1530 0.466599
1531 0.34267
1532 0.358784
1533 0.000161577
1534 -0.000597375
1535 0.00167368
1536 0.300498
1537 -0.0579011
1538 0.0323078
1539 0.000432584
1540 -0.000101218
1541 0.00106551
1542 0.599651
1543 0.608459
1544 -0.350969
1545 -0.0010949
1546 -0.000461074
1547 0.00164425
1548 0.509017
1549 0.0425296
1550 0.0066075
1551 4.06883e-05
1552 -0.000144356
1553 0.00215
1554 0.121747
1555 0.0845429
1556 -0.0942605
1557 0.000108366
1558 0.000515957
1559 0.000359451
1560 0.476986
1561 0.197848
1562 0.945825
1563 0.00179416
1564 -0.000427297
1565 0.00220345
1566 0.127254
1567 0.467604
1568 0.824285
1569 0.00136556
1570 0.000320207
1571 0.000453471
1572 0.354606
1573 0.256024
1574 1.13927
1575 0.00207484
1576 0.000173601
1577 0.0014089
1578 0.576465
1579 -0.0293709
1580 -0.0713061
1581 -0.000216927
1582 8.4717e-05
1583 0.00201025
1584 0.345404
1585 0.187702
1586 0.769385
1587 0.00155701
1588 0.000101788
1589 0.00154115
1590 0.612866
1591 -0.0270282
1592 0.508954
1593 0.00106492
1594 0.000139775
1595 0.00284658
1596 0.337991
1597 0.357295
1598 2.13102
1599 0.00420618
1600 0.000412743
1601 0.00165865
1602 0.345404
1603 0.385066
1604 0.781609
1605 0.00155037
1606 0.000390516
1607 0.00146788
1608 0.115963
1609 0.0282345
1610 0.509906
1611 0.000969774
1612 0.000415382
1613 0.00110607
1614 0.0110962
1615 0.302952
1616 2.3634
1617 0.00978849
1618 0.00134863
1619 0.180766
1620 0.000654342
1621 3.91924e-05
1622 0.585827
1623 -6.64243e-05
1624 1.82501e-05
1625 0.000258718
1626 0.42424
1627 1.0665
1628 -0.0537367
1629 -0.00196398
1630 -0.00129647
1631 0.000648693
1632 0.618596
1633 2.216
1634 0.146972
1635 -0.00415847
1636 -0.00198321
1637 0.000435204
1638 0.521136
1639 1.75314
1640 -0.0526618
1641 -0.00356107
1642 -0.00104919
1643 0.000485276
1644 0.365115
1645 0.600639
1646 -0.00395829
1647 -0.000649501
1648 -0.000950082
1649 0.00071432
1650 0.551064
1651 1.16292
1652 -0.184157
1653 -0.00224378
1654 -0.00122744
1655 0.000817782
1656 0.0605972
1657 1.85642
1658 -0.468926
1659 -0.00371961
1660 8.08735e-05
1661 0.000290409
1662 0.252821
1663 1.70989
1664 -0.433265
1665 -0.00286722
1666 -0.000524845
1667 0.000589531
1668 0.133407
1669 1.5743
1670 -0.573821
1671 -0.00284322
1672 -0.000279175
1673 0.000706686
1674 0.44236
1675 1.40332
1676 -0.538913
1677 -0.00302358
1678 -0.000764061
1679 0.00126976
1680 0.462341
1681 0.268572
1682 0.145891
1683 0.000445207
1684 -0.000822744
1685 0.00150098
1686 0.581909
1687 0.420976
1688 -0.0560866
1689 -0.000639295
1690 -0.0012514
1691 0.00128457
1692 0.0242389
1693 0.489313
1694 -0.10978
1695 -0.000785602
1696 5.05112e-05
1697 0.000439218
1698 0.534974
1699 0.81739
1700 -0.418216
1701 -0.00162951
1702 -0.000779968
1703 0.00132973
1704 0.226146
1705 0.0516715
1706 -0.0848042
1707 0.000221833
1708 4.56577e-05
1709 0.000826071
1710 0.424181
1711 0.205602
1712 0.364522
1713 0.000399159
1714 -0.000165407
1715 0.00143312
1716 0.224675
1717 0.344224
1718 -0.292738
1719 -0.000639255
1720 0.000265768
1721 0.00101997
1722 0.334616
1723 0.446959
1724 -0.312674
1725 -0.000988191
1726 -0.000225555
1727 0.00172238
1728 0.496897
1729 0.425296
1730 0.361701
1731 0.000200161
1732 -0.000166342
1733 0.0013467
1734 0.048204
1735 0.0273309
1736 0.858312
1737 0.00166767
1738 0.00063582
1739 0.000151421
1740 0.261116
1741 -0.032089
1742 0.653791
1743 0.000970957
1744 0.000266452
1745 0.00124999
1746 0.363583
1747 0.020554
1748 0.134702
1749 0.00041965
1750 -7.57779e-05
1751 0.00170596
1752 0.23847
1753 0.314756
1754 0.571057
1755 0.00107187
1756 0.000189441
1757 0.000800558
1758 0.316536
1759 -0.0866042
1760 1.80413
1761 0.00375333
1762 0.000114997
1763 0.00114003
1764 0.21209
1765 0.0915619
1766 2.03676
1767 0.00429134
1768 0.000383061
1769 0.00108937
1770 0.263802
1771 0.267003
1772 1.89256
1773 0.00325661
1774 0.000480965
1775 0.00117322
1776 0.0168449
1777 0.307249
1778 0.753217
1779 0.00112177
1780 0.000222671
1781 0.000641645
1782 0.527196
1783 0.290938
1784 0.937759
1785 0.0021376
1786 3.75196e-05
1787 0.00288799
1788 0.456441
1789 0.162438
1790 3.13612
1791 0.00647867
1792 0.00043125
1793 0.00171455
1794 0.444558
1795 0.189122
1796 2.05481
1797 0.00706739
1798 0.00416687
1799 0.246095
1800 0.000319562
1801 0.000921022
1802 0.485362
1803 0.000204929
1804 0.000585345
1805 0.000486341
1806 0.55958
1807 2.73157
1808 0.187977
1809 -0.00559769
1810 -0.00209643
1811 0.000766345
1812 0.314612
1813 1.07783
1814 -0.052832
1815 -0.00138106
1816 -0.000915354
1817 0.000428297
1818 0.551435
1819 2.276
1820 -0.0744479
1821 -0.00447163
1822 -0.00168124
1823 0.00090881
1824 0.24609
1825 1.99455
1826 -0.397896
1827 -0.00355408
1828 0.000140761
1829 0.00054828
1830 0.59526
1831 1.81639
1832 -0.105091
1833 -0.0031051
1834 -0.00166614
1835 0.00113489
1836 0.199971
1837 0.109201
1838 0.289113
1839 0.000245175
1840 -8.62249e-05
1841 0.000508551
1842 0.208408
1843 0.9925
1844 -0.134877
1845 -0.00188862
1846 -0.000341003
1847 0.000445112
1848 0.238702
1849 1.59022
1850 -0.364556
1851 -0.00271842
1852 -0.000278249
1853 0.000791793
1854 0.454479
1855 1.11096
1856 -0.0436062
1857 -0.0017467
1858 -0.000531658
1859 0.00080175
1860 0.511736
1861 0.924229
1862 -0.0801298
1863 -0.00119002
1864 -0.00105253
1865 0.00153386
1866 0.313861
1867 0.796028
1868 -0.0638758
1869 -0.00107083
1870 -0.00034429
1871 0.000680102
1872 0.115135
1873 0.723775
1874 -0.395282
1875 -0.00159165
1876 0.000289719
1877 0.000122352
1878 0.444644
1879 0.181144
1880 0.46189
1881 0.000689289
1882 -0.000929151
1883 0.00133597
1884 0.238669
1885 0.27164
1886 0.197111
1887 -1.95013e-05
1888 0.000306442
1889 0.00041883
1890 0.357524
1891 0.502583
1892 0.0221104
1893 -0.000644268
1894 -0.000463958
1895 0.0011803
1896 0.565276
1897 0.466263
1898 -0.355049
1899 -0.000970385
1900 -0.000408172
1901 0.0014545
1902 0.232173
1903 0.443926
1904 -0.323283
1905 -0.000784244
1906 0.000176266
1907 0.000568392
1908 0.0363583
1909 0.0546809
1910 0.79926
1911 0.00136177
1912 0.000393508
1913 0.000183248
1914 0.275281
1915 0.107249
1916 -0.109204
1917 -0.000226345
1918 -0.000184315
1919 0.00105998
1920 0.504879
1921 0.408817
1922 -0.0919651
1923 -0.000516689
1924 -0.000471947
1925 0.002249
1926 0.0424181
1927 0.0462466
1928 0.219027
1929 0.00044991
1930 0.000450175
1931 0.000137891
1932 0.0878656
1933 0.19538
1934 -0.232682
1935 -0.000538944
1936 0.000281931
1937 0.00100961
1938 0.27305
1939 0.13905
1940 0.552659
1941 0.0014398
1942 -3.64196e-05
1943 0.00183096
1944 0.236329
1945 0.0869838
1946 1.23495
1947 0.00252535
1948 0.000178226
1949 0.000861387
1950 0.247418
1951 0.230978
1952 1.53434
1953 0.00278042
1954 0.000169864
1955 0.00135804
1956 0.24636
1957 0.0187058
1958 2.11221
1959 0.00411286
1960 0.000512754
1961 0.00169703
1962 0.00605972
1963 0.0513421
1964 1.33244
1965 0.00300712
1966 0.000217642
1967 0.000415051
1968 0.594262
1969 -0.0276694
1970 0.687728
1971 0.00117685
1972 -1.305e-05
1973 0.0022235
1974 0.254394
1975 0.0665375
1976 1.83632
1977 0.00760238
1978 0.00200547
1979 0.77365
1980 0
1981 0.00121497
1982 0.460206
1983 0.000242177
1984 0.000389727
1985 0.000566699
1986 0.311809
1987 3.35175
1988 -0.201425
1989 -0.00704768
1990 -0.000900929
1991 0.000427015
1992 0.544588
1993 1.57881
1994 0.0657913
1995 -0.00195874
1996 -0.00160521
1997 0.00063179
1998 0.569614
1999 0.738163
2000 0.080736
2001 -0.00119086
2002 -0.00181326
2003 0.000956838
2004 0.27165
2005 0.499968
2006 -0.00657324
2007 -0.000462365
2008 -0.000448763
2009 0.000691304
2010 0.608916
2011 1.31122
2012 -0.122094
2013 -0.00256441
2014 -0.00165949
2015 0.00116477
2016 0
2017 0
2018 0.16939
2019 0.000130308
2020 0.000503156
2021 0.000266422
2022 0.0726643
2023 0.966556
2024 -0.0378495
2025 -0.00165844
2026 0.00027585
2027 0.00050922
2028 0.145437
2029 1.56384
2030 -0.677451
2031 -0.0032738
2032 -0.000197287
2033 0.000299755
2034 0.460539
2035 1.21328
2036 -0.084133
2037 -0.00211721
2038 -0.00117353
2039 0.00115497
2040 0.0819387
2041 0.696426
2042 -0.0724037
2043 -0.000928117
2044 0.000372197
2045 0.000149135
2046 0.250627
2047 1.01463
2048 -0.223679
2049 -0.00181576
2050 0.000148333
2051 0.000907275
2052 0.521136
2053 0.601447
2054 -0.0640549
2055 -0.000735331
2056 -0.000829048
2057 0.00117075
2058 0.601428
2059 0.686878
2060 -0.234381
2061 -0.00123093
2062 -0.0012323
2063 0.00157621
2064 0.567671
2065 0.673279
2066 -0.346802
2067 -0.00124048
2068 -0.000393278
2069 0.00156221
2070 0.502957
2071 0.34267
2072 0.30548
2073 0.000251468
2074 -0.000453765
2075 0.00179301
2076 0.351598
2077 0.0277337
2078 -0.0287849
2079 -0.000108089
2080 -0.000348853
2081 0.00135575
2082 0.367047
2083 0.586643
2084 -0.248754
2085 -0.000982106
2086 -0.000287303
2087 0.00148374
2088 0.363583
2089 0.255177
2090 0.0906151
2091 0.000161262
2092 -0.000119956
2093 0.00118594
2094 0.553586
2095 0.443979
2096 -0.100262
2097 -0.000639565
2098 -0.000383316
2099 0.00211368
2100 0.6376
2101 0.0974805
2102 0.560593
2103 0.0012772
2104 -0.000315454
2105 0.00205586
2106 0.424181
2107 0.174709
2108 -0.163331
2109 -0.000274119
2110 -6.37293e-05
2111 0.00136147
2112 0.224716
2113 0.0267602
2114 0.170826
2115 0.000528231
2116 7.20031e-05
2117 0.000762233
2118 0.60717
2119 0.413349
2120 0.992709
2121 0.00175577
2122 -0.000276584
2123 0.00259683
2124 0.193911
2125 0.228905
2126 0.756628
2127 0.00160179
2128 0.000430284
2129 0.000653714
2130 0.304905
2131 0.198667
2132 0.421384
2133 0.000790886
2134 0.000144586
2135 0.00188084
2136 0.323859
2137 0.181178
2138 2.1327
2139 0.00443887
2140 0.00051692
2141 0.00146479
2142 0.363583
2143 0.0299495
2144 2.64573
2145 0.00561387
2146 0.000154291
2147 0.00189286
2148 0.10519
2149 -0.0515204
2150 2.87539
2151 0.00545725
2152 0.000404522
2153 0.000646158
2154 0.185016
2155 0.316544
2156 2.34651
2157 0.00831042
2158 0.00227984
2159 0.544591
2160 0.000136955
2161 0.00148931
2162 0.192473
2163 0.000247839
2164 7.74122e-05
2165 0.000120112
2166 0.00345935
2167 3.36489
2168 0.186098
2169 -0.00697794
2170 0.000463809
2171 0.00040978
2172 0.163967
2173 2.86228
2174 -0.172379
2175 -0.00476207
2176 0.000208253
2177 0.000228512
2178 0.163613
2179 1.69162
2180 0.0971323
2181 -0.00317486
2182 -0.000294347
2183 0.000104101
2184 0.0482588
2185 0.394012
2186 -0.0573389
2187 -0.000332758
2188 -4.52335e-05
2189 0.00044181
2190 0.481454
2191 2.16036
2192 -0.27342
2193 -0.00423582
2194 -0.00116721
2195 0.00106866
2196 0.418121
2197 0.305763
2198 0.0953324
2199 -0.000413595
2200 -0.000752873
2201 0.000624405
2202 0.230357
2203 1.75343
2204 -0.341176
2205 -0.00325087
2206 -3.57573e-05
2207 0.000584482
2208 0.262966
2209 0.141713
2210 0.191797
2211 0.000767658
2212 -0.000117174
2213 0.000633446
2214 0.139374
2215 1.28637
2216 -0.558663
2217 -0.00286914
2218 0.000131856
2219 0.000676302
2220 0.464541
2221 0.383173
2222 -0.215278
2223 -0.000234503
2224 -0.00102851
2225 0.00113593
2226 0.572508
2227 0.793001
2228 -0.0798653
2229 -0.00110444
2230 -0.00109677
2231 0.00142962
2232 0.545375
2233 0.907267
2234 0.00707271
2235 -0.00134467
2236 -0.00108494
2237 0.00166342
2238 0.0880879
2239 0.384915
2240 0.178598
2241 0.000211838
2242 0.000102825
2243 0.000841979
2244 0.0685348
2245 0.469409
2246 0.077276
2247 -0.000387502
2248 0.000518207
2249 9.72231e-05
2250 0.43024
2251 0.395975
2252 -0.17226
2253 -0.000634253
2254 -0.000289587
2255 0.00153094
2256 0.340254
2257 0.342186
2258 -0.015979
2259 -0.000176687
2260 -0.000367803
2261 0.00115172
2262 0.421491
2263 0.105305
2264 0.190346
2265 0.00033597
2266 -0.000434829
2267 0.00174256
2268 0.466599
2269 0.364539
2270 -0.329281
2271 -0.000966734
2272 -0.000378532
2273 0.00204652
2274 0.36714
2275 0.301932
2276 0.484596
2277 0.000745549
2278 -0.000131737
2279 0.00155191
2280 0.294788
2281 0.387812
2282 -0.422877
2283 -0.00127405
2284 0.000305929
2285 0.00111608
2286 0.230269
2287 0.493297
2288 0.250805
2289 0.000288139
2290 2.97439e-05
2291 0.00102887
2292 0.307568
2293 0.0654338
2294 0.842675
2295 0.00180172
2296 0.000152963
2297 0.00107855
2298 0.383707
2299 0.106619
2300 -0.0498354
2301 -0.000384426
2302 -0.000201335
2303 0.00174318
2304 0.169672
2305 0.260951
2306 -0.357437
2307 -0.000515066
2308 -0.000109709
2309 0.000810518
2310 0.254723
2311 0.227205
2312 1.41781
2313 0.00320655
2314 -0.000111926
2315 0.00104421
2316 0.149937
2317 0.0968201
2318 1.27386
2319 0.00229481
2320 0.000430947
2321 0.00107724
2322 0.399942
2323 0.0385066
2324 2.79091
2325 0.00590276
2326 0.000137965
2327 0.00174706
2328 0.283571
2329 0.129527
2330 0.441306
2331 2.11144e-05
2332 0.000530193
2333 0.0017165
2334 0.283147
2335 0.350858
2336 2.59254
2337 0.0109752
2338 0.00324445
2339 0.0625401
2340 0.000410866
2341 0.00113658
2342 0.184152
2343 7.51386e-05
2344 0.000157642
2345 0.000513825
2346 0.17226
2347 0.625987
2348 0.0581167
2349 -0.00108994
2350 -0.00036412
2351 0.000345246
2352 0.346055
2353 2.10829
2354 -0.0114408
2355 -0.00406657
2356 -0.000633151
2357 0.000522469
2358 0.424181
2359 1.04573
2360 -0.137699
2361 -0.00194089
2362 -0.000985338
2363 0.000416579
2364 0.576216
2365 2.11188
2366 -0.0532812
2367 -0.00392604
2368 -0.00182618
2369 0.00090029
2370 0.554493
2371 1.3971
2372 -0.394218
2373 -0.00240249
2374 -0.00173104
2375 0.000933633
2376 0.0484778
2377 1.00465
2378 -0.260989
2379 -0.00206037
2380 0.00069544
2381 0.000506821
2382 0.0761559
2383 1.01561
2384 0.0806503
2385 -0.00137619
2386 3.43569e-05
2387 0.000560481
2388 0.32163
2389 0.828844
2390 -0.0168265
2391 -0.00103241
2392 -0.000446757
2393 0.000957821
2394 0.369643
2395 0.628569
2396 0.11515
2397 -0.000886221
2398 -0.000300794
2399 0.00111726
2400 0.0328572
2401 0.681861
2402 -0.38744
2403 -0.00149036
2404 7.83434e-05
2405 0.00027825
2406 0.0609931
2407 0.729586
2408 0.132876
2409 -0.000546717
2410 0.000409787
2411 0.000194964
2412 0.339344
2413 0.336402
2414 -0.0450953
2415 -0.00059989
2416 -0.000434206
2417 0.00120161
2418 0.212463
2419 0.259844
2420 0.405291
2421 0.00060857
2422 -4.07085e-05
2423 0.00104266
2424 0.206688
2425 0.460242
2426 0.174951
2427 -0.00044046
2428 0.000357803
2429 0.000826945
2430 0.187851
2431 0.738645
2432 0.0646858
2433 -0.000791663
2434 0.000163631
2435 0.00035472
2436 0.13482
2437 0.577104
2438 -0.653755
2439 -0.00151922
2440 -0.00016645
2441 0.000513284
2442 0.0760619
2443 0.420307
2444 0.35587
2445 0.00054814
2446 0.000107401
2447 0.000568018
2448 0.563554
2449 0.224799
2450 -0.152936
2451 -0.000258847
2452 -0.000307453
2453 0.00177453
2454 0.125757
2455 0.426233
2456 0.407334
2457 0.000458493
2458 4.93573e-05
2459 0.000791818
2460 0.550566
2461 0.157713
2462 -0.0486215
2463 -0.000296494
2464 -0.000202816
2465 0.00217763
2466 0.393882
2467 0.0924932
2468 1.31513
2469 0.00242745
2470 2.89595e-05
2471 0.00119466
2472 0.0467777
2473 -0.0387783
2474 0.985272
2475 0.00187324
2476 0.000360375
2477 0.000515782
2478 0.21894
2479 0.170981
2480 0.615426
2481 0.00113902
2482 0.000484927
2483 0.00149244
2484 0.472658
2485 0.393716
2486 0.421677
2487 0.000911761
2488 -4.13915e-06
2489 0.00176473
2490 0.325205
2491 0.123766
2492 1.17587
2493 0.00255443
2494 1.54125e-05
2495 0.00146758
2496 0.195349
2497 0.00297399
2498 2.24073
2499 0.00442647
2500 0.000217987
2501 0.000982959
2502 0.0424181
2503 0.31661
2504 2.17298
2505 0.00463334
2506 0.000466907
2507 0.000930568
2508 0.554453
2509 -0.0151121
2510 1.40524
2511 0.0022796
2512 0.000556365
2513 0.00219888
2514 0.0624226
2515 0.0880344
2516 2.53347
2517 0.0103679
2518 0.00188048
2519 0.283526
2520 0.000304345
2521 0.000431117
2522 0.22597
2523 0.000322381
2524 0.000298543
2525 0.000375257
2526 0.346362
2527 0.344397
2528 0.261417
2529 -0.00058476
2530 -0.000331319
2531 0.000274254
2532 0.201532
2533 1.11996
2534 0.0253323
2535 -0.00216033
2536 -0.000124458
2537 0.000663951
2538 0.509017
2539 0.0922704
2540 0.0897792
2541 -1.56053e-05
2542 -0.00153802
2543 0.000773788
2544 0.473286
2545 2.63729
2546 -0.404554
2547 -0.00528782
2548 -0.00130252
2549 0.000648757
2550 0.375896
2551 2.31502
2552 -0.427307
2553 -0.00400532
2554 -0.000488323
2555 0.000523203
2556 0.0605972
2557 1.13569
2558 -0.216208
2559 -0.00214031
2560 -0.00010781
2561 0.000154081
2562 0.543712
2563 1.25303
2564 -0.10096
2565 -0.00197103
2566 -0.000990982
2567 0.00124551
2568 0.517822
2569 1.59017
2570 -0.673118
2571 -0.00318701
2572 -0.00134851
2573 0.00124171
2574 0.502957
2575 0.20465
2576 0.103933
2577 1.53252e-08
2578 -0.000793297
2579 0.00105852
2580 0.491014
2581 1.06975
2582 -0.364325
2583 -0.00226496
2584 -0.000501554
2585 0.00115353
2586 0.608448
2587 0.19794
2588 0.329984
2589 0.000599328
2590 -0.00128523
2591 0.00191197
2592 0.272688
2593 0.173298
2594 -0.0652081
2595 -3.01781e-05
2596 -0.000170954
2597 0.000817495
2598 0.316704
2599 0.445514
2600 -0.124997
2601 -0.000874542
2602 -0.000307217
2603 0.00129777
2604 0.100186
2605 0.415451
2606 -0.181738
2607 -0.000453726
2608 0.000160013
2609 0.000580881
2610 0
2611 0.205602
2612 0.402597
2613 0.000346907
2614 0.000521929
2615 0.000449363
2616 0.102931
2617 0.169835
2618 0.399125
2619 0.000382346
2620 0.000337575
2621 0.000981235
2622 0.158869
2623 0.0895221
2624 -0.0699553
2625 -0.000173975
2626 7.43071e-07
2627 0.000771329
2628 0.575674
2629 0.115437
2630 0.67472
2631 0.0010812
2632 -0.000370628
2633 0.00221962
2634 0.302348
2635 0.0336676
2636 0.358861
2637 0.000672939
2638 0.000230355
2639 0.00149668
2640 0.538152
2641 0.330467
2642 0.768898
2643 0.000991709
2644 -0.000299112
2645 0.00229095
2646 0.139374
2647 0.174709
2648 -0.0756242
2649 -0.000176138
2650 0.00030781
2651 0.000782923
2652 0.216099
2653 0.378155
2654 0.701164
2655 0.00113486
2656 7.41573e-06
2657 0.00142594
2658 0.389951
2659 -0.0642716
2660 1.37571
2661 0.0027883
2662 0.000319851
2663 0.00124602
2664 0.284807
2665 0.137343
2666 -0.122604
2667 -0.000222685
2668 9.959e-05
2669 0.00140701
2670 0.129743
2671 0.185157
2672 0.403799
2673 0.000826653
2674 0.000493663
2675 0.000527737
2676 0.0850059
2677 0.174387
2678 0.0511651
2679 0.00026627
2680 0.000281213
2681 0.000630129
2682 0.399942
2683 0.338002
2684 2.24374
2685 0.00460379
2686 -8.72102e-05
2687 0.00190928
2688 0.229059
2689 0.216309
2690 3.03243
2691 0.00583579
2692 0.000507811
2693 0.00104273
2694 0.0182004
2695 0.240843
2696 1.72605
2697 0.00541686
2698 0.000232112
2699 0.231868
2700 0.000722819
2701 0.00160689
2702 0.217674
2703 0.00024878
2704 0.000249513
2705 0.000111164
2706 0.415795
2707 2.71508
2708 -0.127827
2709 -0.00565255
2710 -0.000692206
2711 0.000145749
2712 0.1823
2713 0.681832
2714 -0.00596078
2715 -0.000364106
2716 0.000192453
2717 0.000378167
2718 0.490838
2719 1.38406
2720 0.0973638
2721 -0.00256171
2722 -0.00100665
2723 0.000855436
2724 0.411342
2725 2.03662
2726 -0.242055
2727 -0.00368771
2728 -0.000902146
2729 0.000949434
2730 0.202829
2731 0.414246
2732 -0.0687058
2733 -0.000277399
2734 7.11777e-05
2735 0.000336102
2736 0.351464
2737 1.9001
2738 -0.220516
2739 -0.00373074
2740 -0.000616312
2741 0.000752751
2742 0.255785
2743 0.286792
2744 0.279845
2745 0.000530007
2746 -0.000286392
2747 0.000348329
2748 0.465006
2749 0.390178
2750 0.0048429
2751 -0.000794616
2752 -0.00128501
2753 0.000876122
2754 0.460539
2755 0.350829
2756 0.326453
2757 -0.000301736
2758 -0.000998587
2759 0.000857234
2760 0.590976
2761 0.337521
2762 -0.0732245
2763 -0.000356807
2764 -0.0012996
2765 0.00172292
2766 0.185313
2767 0.731874
2768 -0.0550838
2769 -0.00110967
2770 0.000364222
2771 0.000354678
2772 0.533256
2773 0.407761
2774 0.196098
2775 -5.63877e-05
2776 -0.000543347
2777 0.00107309
2778 0.147818
2779 0.654112
2780 -0.3266
2781 -0.001407
2782 0.000138293
2783 0.000824277
2784 0.480737
2785 0.488216
2786 0.152321
2787 -0.000173571
2788 -0.000271786
2789 0.00163319
2790 0.127254
2791 0.365515
2792 0.332445
2793 7.69238e-05
2794 0.000403892
2795 0.00018698
2796 0.239477
2797 0.581657
2798 -0.0224039
2799 -0.000621544
2800 3.7499e-05
2801 0.00087701
2802 0.0842919
2803 0.356
2804 0.392548
2805 0.000331056
2806 3.18894e-06
2807 0.000692542
2808 0.0969556
2809 0.0546809
2810 0.248783
2811 0.00049534
2812 0.000234853
2813 0.000632578
2814 0.328154
2815 0.293497
2816 -0.126996
2817 -0.000376644
2818 -0.000296869
2819 0.00178372
2820 0.253098
2821 0.322767
2822 -0.172018
2823 -0.000240803
2824 0.000358213
2825 0.00117666
2826 0.0424181
2827 0.13874
2828 1.19794
2829 0.00225448
2830 6.14923e-05
2831 0.00055372
2832 0.433293
2833 -0.0652398
2834 0.227713
2835 0.000415697
2836 -0.000234599
2837 0.00230901
2838 0.212107
2839 0.383286
2840 -0.205496
2841 -0.000521558
2842 0.000233516
2843 0.00108898
2844 0.424181
2845 0.224327
2846 1.39626
2847 0.00282563
2848 -0.000114666
2849 0.00218657
2850 0.267139
2851 0.187008
2852 0.987146
2853 0.00173508
2854 0.000327561
2855 0.00110796
2856 0.547602
2857 0.359126
2858 0.191316
2859 6.33926e-05
2860 -0.000128652
2861 0.00231017
2862 0.169672
2863 0.363673
2864 1.75658
2865 0.00358876
2866 0.00012974
2867 0.00117472
2868 0.484974
2869 0.020985
2870 3.30277
2871 0.0066279
2872 7.76868e-05
2873 0.00234109
2874 0.632468
2875 0.0633638
2876 3.5094
2877 0.0128907
2878 0.00598793
2879 0.333256
2880 0.000707602
2881 0.000666272
2882 0.518897
2883 0.000191657
2884 -2.68373e-06
2885 0.00021596
2886 0.334813
2887 1.07017
2888 -0.130904
2889 -0.00229495
2890 -0.000330921
2891 0.000359465
2892 0.109114
2893 2.46218
2894 0.0353226
2895 -0.00445272
2896 0.000574986
2897 0.000598885
2898 0
2899 2.36827
2900 0.0623949
2901 -0.00472409
2902 0.000836744
2903 0.000396551
2904 0.181723
2905 1.52694
2906 -0.227011
2907 -0.00216644
2908 -0.000485339
2909 0.000304955
2910 0.0330645
2911 0.845074
2912 -0.0153619
2913 -0.00124393
2914 0.00025493
2915 0.00053023
2916 0.333285
2917 2.05298
2918 -0.140804
2919 -0.00384086
2920 -0.000224572
2921 0.00048104
2922 0.0969234
2923 0.304822
2924 -0.0380716
2925 0.000260197
2926 2.97091e-05
2927 0.000479615
2928 0.145457
2929 0.473605
2930 -0.130378
2931 -0.00106133
2932 1.77191e-05
2933 0.000533919
2934 0.236329
2935 0.27774
2936 0.251162
2937 -0.000116673
2938 -0.000316448
2939 0.000553095
2940 0.114113
2941 0.128497
2942 -0.0244374
2943 1.21161e-05
2944 5.99541e-05
2945 0.000582372
2946 0.170548
2947 0.155244
2948 0.381778
2949 0.000462544
2950 -0.000328073
2951 0.000476638
2952 0.0545375
2953 0.509701
2954 -0.280422
2955 -0.00120163
2956 0.000485168
2957 0.000307354
2958 0.0281409
2959 0.785295
2960 -0.0748601
2961 -0.00108217
2962 0.000512029
2963 0.000283144
2964 0.293242
2965 0.664431
2966 -0.419148
2967 -0.00143662
2968 -0.000450654
2969 0.00100034
2970 0.109075
2971 0.274136
2972 0.331194
2973 0.000465972
2974 0.000466096
2975 0.000326234
2976 0.425989
2977 0.0673768
2978 0.520147
2979 0.000902523
2980 -2.93948e-05
2981 0.0013609
2982 0.0795007
2983 0.0597661
2984 0.0749621
2985 0.000115867
2986 5.73688e-05
2987 0.000427912
2988 0.206031
2989 0.370615
2990 -0.152126
2991 -0.000362632
2992 -0.000104442
2993 0.0012709
2994 0.560293
2995 0.5025
2996 -0.215518
2997 -0.000619221
2998 -0.000229053
2999 0.00219703
3000 0.207676
3001 0.43013
3002 0.0954008
3003 -3.87041e-05
3004 0.000168848
3005 0.0011628
3006 0.0242389
3007 0.498435
3008 0.682818
3009 0.00107677
3010 0.000555145
3011 0.000294749
3012 0.250136
3013 0.170067
3014 0.0491417
3015 0.00015518
3016 0.000227665
3017 0.00092246
3018 0.381579
3019 0.193425
3020 -0.212804
3021 -0.000601582
3022 -3.05969e-05
3023 0.0013148
3024 0.0363583
3025 0.421185
3026 1.56342
3027 0.00291953
3028 0.000272057
3029 0.000790936
3030 0.41465
3031 0.115394
3032 0.657278
3033 0.00084903
3034 0.000356061
3035 0.00193488
3036 0.361719
3037 0.267608
3038 0.434232
3039 0.000861106
3040 0.000226703
3041 0.00173028
3042 0.157553
3043 0.175419
3044 2.31493
3045 0.00505172
3046 2.35566e-05
3047 0.00066101
3048 0.478052
3049 -0.0419406
3050 3.22734
3051 0.00611028
3052 0.000372404
3053 0.00192699
3054 0.13621
3055 0.0414011
3056 1.22917
3057 0.00352271
3058 0.00141393
3059 0.435808
3060 0.000258693
3061 0.00125416
3062 0.485351
3063 0.000343808
3064 0.000378639
3065 0.00053259
3066 0.305845
3067 2.13983
3068 -0.166352
3069 -0.00455924
3070 -0.000247078
3071 0.000173023
3072 0.126036
3073 1.06769
3074 0.239262
3075 -0.00117891
3076 0.000127793
3077 0.000292928
3078 0.399942
3079 1.16876
3080 0.0504623
3081 -0.00238183
3082 -0.000755436
3083 0.000544953
3084 0.489595
3085 1.77517
3086 -0.286611
3087 -0.0032298
3088 -0.00105994
3089 0.000960478
3090 0.324401
3091 0.633371
3092 0.259115
3093 -0.000310585
3094 -0.000228478
3095 0.000429528
3096 0.230269
3097 1.20121
3098 -0.0976779
3099 -0.00207666
3100 -0.000149115
3101 0.000322864
3102 0.119741
3103 0.572098
3104 -0.211001
3105 -0.000819036
3106 0.000400727
3107 0.000478086
3108 0.553405
3109 1.64803
3110 -0.192008
3111 -0.00288331
3112 -0.00112052
3113 0.00142001
3114 0.472658
3115 0.175415
3116 0.101564
3117 -0.000134747
3118 -0.00119937
3119 0.00113595
3120 0.0888839
3121 0.119471
3122 -0.0453546
3123 -0.000113584
3124 8.32394e-05
3125 0.000222496
3126 0.335952
3127 0.845288
3128 -0.235223
3129 -0.00168328
3130 -0.000283759
3131 0.000622947
3132 0.109075
3133 0.0407761
3134 0.399945
3135 0.000546646
3136 -0.000140387
3137 0.000876366
3138 0.492642
3139 0.301181
3140 0.314793
3141 -3.83864e-05
3142 -0.000741992
3143 0.00135294
3144 0.567463
3145 0.693
3146 -0.466375
3147 -0.00155125
3148 -0.000393378
3149 0.00182681
3150 0.0848361
3151 0.456894
3152 0.257547
3153 5.10718e-05
3154 -1.75646e-05
3155 0.000650423
3156 0.381824
3157 0.532965
3158 -0.569487
3159 -0.00156272
3160 -0.00053707
3161 0.00127479
3162 0.462856
3163 0.357271
3164 -0.266819
3165 -0.000458528
3166 -8.29653e-05
3167 0.00164093
3168 0.363583
3169 0.328085
3170 0.595624
3171 0.000774564
3172 -6.75489e-05
3173 0.00166633
3174 0.335398
3175 -0.0898078
3176 1.04719
3177 0.00211732
3178 -0.000112414
3179 0.00173784
3180 0.384496
3181 -0.0237862
3182 0.410453
3183 0.000620952
3184 -0.000251842
3185 0.00129968
3186 0.109075
3187 0.20554
3188 0.981575
3189 0.0019888
3190 7.96814e-05
3191 0.00109501
3192 0.371457
3193 0.0169781
3194 -0.0251459
3195 -0.000115309
3196 0.000124954
3197 0.00123126
3198 0.254941
3199 0.0722397
3200 0.564858
3201 0.00132155
3202 5.20365e-05
3203 0.00132656
3204 0.0545375
3205 0.347935
3206 0.549906
3207 0.00124328
3208 -2.34408e-05
3209 0.000978311
3210 0.567495
3211 0.0974068
3212 1.52791
3213 0.00301076
3214 0.000269406
3215 0.002022
3216 0.535875
3217 0.118145
3218 2.15957
3219 0.00410961
3220 0.000372077
3221 0.00228563
3222 0.266628
3223 0.166862
3224 0.539642
3225 0.00113626
3226 0.000107373
3227 0.00175995
3228 0.0860228
3229 -0.0317429
3230 1.8878
3231 0.00382634
3232 0.000456514
3233 0.000360291
3234 0.250575
3235 -0.0172995
3236 2.12171
3237 0.00835429
3238 0.00252002
3239 0.0290022
3240 0.000486952
3241 0.00117577
3242 0.619268
3243 0.000151846
3244 0.000469269
3245 0.000489998
3246 0.4511
3247 0.43667
3248 0.179619
3249 -0.000901914
3250 -0.0014349
3251 0.000434937
3252 0.161046
3253 2.39917
3254 -0.0261808
3255 -0.00462286
3256 0.00040827
3257 0.000146866
3258 0.339344
3259 2.61433
3260 -0.0918166
3261 -0.00526146
3262 -0.000679874
3263 0.000197577
3264 0.194359
3265 0.330859
3266 0.206126
3267 0.000343785
3268 -0.000432421
3269 0.000340148
3270 0.400288
3271 1.39291
3272 -0.0373634
3273 -0.00253862
3274 -0.00120815
3275 0.000699999
3276 0.363583
3277 0.720726
3278 -0.0741722
3279 -0.00124094
3280 -0.000628889
3281 0.000636577
3282 0.177904
3283 1.21088
3284 -0.313817
3285 -0.00216324
3286 -0.000387559
3287 0.000764944
3288 0.0533725
3289 1.02095
3290 -0.231585
3291 -0.00167346
3292 0.000440742
3293 0.000216922
3294 0.302986
3295 0.906309
3296 -0.219478
3297 -0.0015602
3298 -0.000254473
3299 0.000907697
3300 0.355251
3301 0.271129
3302 0.0266905
3303 -0.000132576
3304 -0.000289884
3305 0.00120033
3306 0.254402
3307 0.0679918
3308 0.203213
3309 0.000322748
3310 -0.000179509
3311 0.00109857
3312 0.22421
3313 0.30582
3314 -0.171898
3315 -0.000585645
3316 4.97503e-05
3317 0.000864717
3318 0.0222886
3319 0.756462
3320 -0.5299
3321 -0.00148766
3322 0.000250954
3323 0.00039716
3324 0.49118
3325 0.304783
3326 0.367345
3327 0.000544273
3328 -0.000221674
3329 0.00167953
3330 0.21209
3331 0.37313
3332 -0.244914
3333 -0.000822329
3334 -8.62302e-05
3335 0.00109735
3336 0.154725
3337 0.616066
3338 -0.0132824
3339 -0.000726161
3340 4.33336e-05
3341 0.000847067
3342 0.160604
3343 0.165826
3344 -0.125963
3345 -0.000299637
3346 0.000169253
3347 0.000854013
3348 0.0363583
3349 0.315934
3350 -0.0135361
3351 -0.000316037
3352 0.00047867
3353 0.000671127
3354 0.160105
3355 0.253685
3356 0.485183
3357 0.000990633
3358 7.99857e-05
3359 0.000863281
3360 0.0593149
3361 0.336452
3362 0.380909
3363 0.000213744
3364 7.84915e-05
3365 0.000853022
3366 0.4363
3367 0.328865
3368 0.167204
3369 0.000266911
3370 -0.000329079
3371 0.00202227
3372 0.534641
3373 0.21082
3374 0.651057
3375 0.00113701
3376 -0.000289474
3377 0.00200028
3378 0.506853
3379 0.0889403
3380 1.21362
3381 0.00222289
3382 2.96779e-05
3383 0.00172084
3384 0.557494
3385 0.311311
3386 -0.360895
3387 -0.000883088
3388 -0.000189043
3389 0.00202345
3390 0.488944
3391 0.148064
3392 1.70546
3393 0.00364391
3394 0.000339879
3395 0.00251209
3396 0.321645
3397 0.11409
3398 0.912516
3399 0.00146164
3400 8.91779e-06
3401 0.00137148
3402 0.145433
3403 0.346559
3404 -0.225407
3405 -0.000405241
3406 0.000477423
3407 0.000699698
3408 0.410457
3409 0.316504
3410 -0.126895
3411 0.000102842
3412 0.000361228
3413 0.0016632
3414 0.416094
3415 0.30222
3416 1.95365
3417 0.00841368
3418 0.00313145
3419 -0.0747525
3420 0.000677168
3421 0.00137174
3422 0.828484
3423 0.000224877
3424 0.000922351
3425 8.97981e-05
3426 0.28799
3427 1.3701
3428 -0.0280697
3429 -0.00260374
3430 -0.000693836
3431 0.000285254
3432 0.289687
3433 3.25712
3434 -0.161162
3435 -0.00621162
3436 -0.000476581
3437 0.000694305
3438 0.339344
3439 1.78389
3440 0.114177
3441 -0.00329823
3442 -0.000280519
3443 0.000204357
3444 0.442796
3445 1.87668
3446 -0.307032
3447 -0.00314792
3448 -0.00106595
3449 0.000887571
3450 0.0980581
3451 1.42827
3452 -0.0367469
3453 -0.00220964
3454 0.000515069
3455 0.000649272
3456 0.0242389
3457 1.83458
3458 -0.142189
3459 -0.00354209
3460 1.07856e-05
3461 0.000254065
3462 0.128988
3463 1.54483
3464 -0.376959
3465 -0.00246818
3466 -1.05319e-05
3467 0.000407288
3468 0.312123
3469 1.66374
3470 -0.246195
3471 -0.00299659
3472 -0.00018641
3473 0.000807806
3474 0.296926
3475 0.350829
3476 0.203129
3477 -0.000220039
3478 -0.000487301
3479 0.000453461
3480 0.427589
3481 1.1786
3482 -0.195762
3483 -0.00213392
3484 -0.000370141
3485 0.00110063
3486 0.471863
3487 0.298252
3488 -0.101361
3489 -0.000245873
3490 -0.000887929
3491 0.00145305
3492 0.0181792
3493 0.999013
3494 -0.432731
3495 -0.00191613
3496 0.000286838
3497 0.000276098
3498 0.213365
3499 0.656722
3500 0.115502
3501 -0.00043629
3502 -0.000318607
3503 0.000774571
3504 0.427633
3505 0.199297
3506 0.0794041
3507 4.26005e-05
3508 -0.000371835
3509 0.00133678
3510 0.406001
3511 0.685341
3512 -0.302828
3513 -0.0013093
3514 -0.000378274
3515 0.00114662
3516 0.423366
3517 0.606973
3518 0.0183924
3519 -0.00038521
3520 -0.000509999
3521 0.00132412
3522 0.415967
3523 0.310976
3524 0.302834
3525 0.000488003
3526 -0.00041071
3527 0.00129935
3528 0.157553
3529 0.540733
3530 -0.00336764
3531 -0.00029224
3532 -9.41255e-05
3533 0.000616703
3534 0.181105
3535 0.0663709
3536 -0.193015
3537 -0.000160195
3538 0.000250295
3539 0.000644247
3540 0.520787
3541 0.0108566
3542 0.97881
3543 0.00196309
3544 -0.000130113
3545 0.00162004
3546 0.109075
3547 0.0873546
3548 0.853879
3549 0.0016404
3550 0.000277108
3551 0.000908305
3552 0.498698
3553 -0.0376239
3554 1.33909
3555 0.00256116
3556 -0.000259676
3557 0.00186416
3558 0.240556
3559 0.138666
3560 0.947065
3561 0.00150847
3562 3.35277e-05
3563 0.00145037
3564 0.43024
3565 0.164811
3566 1.56515
3567 0.003331
3568 5.55406e-06
3569 0.00200951
3570 0.158497
3571 0.263067
3572 0.887204
3573 0.00147512
3574 0.000219594
3575 0.000566256
3576 0.10995
3577 0.194828
3578 1.27247
3579 0.00256928
3580 8.65625e-05
3581 0.000832854
3582 0.187851
3583 0.338002
3584 0.152278
3585 0.00043012
3586 4.36313e-05
3587 0.000820655
3588 0.262102
3589 0.0848713
3590 1.25442
3591 0.00280304
3592 0.000369101
3593 0.00183535
3594 0.10195
3595 0.232578
3596 1.71882
3597 0.00696881
3598 0.00196498
3599 0.460699
3600 0
3601 0.000274347
3602 0.803268
3603 5.18228e-05
3604 0.00039179
3605 0.000303484
3606 0.382363
3607 1.4623
3608 -0.00718387
3609 -0.00283871
3610 -0.000693927
3611 0.000708041
3612 0.50126
3613 0.911524
3614 0.161433
3615 -0.00131363
3616 -0.000853668
3617 0.000693123
3618 0.521136
3619 2.82963
3620 -0.220334
3621 -0.0056417
3622 -0.00119181
3623 0.000374588
3624 0.262116
3625 0.826556
3626 0.00484167
3627 -0.000724202
3628 -0.000453464
3629 0.000289261
3630 0.422146
3631 2.068
3632 -0.524795
3633 -0.00414723
3634 -0.000689128
3635 0.000855728
3636 0.121194
3637 0.305763
3638 0.209785
3639 -0.000143045
3640 -0.000368363
3641 0.000221214
3642 0.548125
3643 0.652803
3644 -0.247224
3645 -0.00140669
3646 -0.0014921
3647 0.00100966
3648 0.244885
3649 0.0705002
3650 0.0692973
3651 0.000409836
3652 0.000166495
3653 0.000681995
3654 0.296926
3655 0.613951
3656 0.0805651
3657 -0.0007988
3658 -0.000162414
3659 0.000753978
3660 0.512374
3661 0.935743
3662 -0.108448
3663 -0.00141304
3664 -0.00071297
3665 0.00123262
3666 0.399545
3667 0.909453
3668 -0.354492
3669 -0.00159466
3670 -0.000457036
3671 0.00123801
3672 0.387822
3673 0.275238
3674 -0.079978
3675 -0.000386531
3676 -0.000417445
3677 0.00089766
3678 0.0705851
3679 0.254655
3680 -0.0782469
3681 -8.06884e-05
3682 0.00061633
3683 0.000104962
3684 0.578648
3685 0.360006
3686 0.0876339
3687 -0.000127876
3688 -0.000532319
3689 0.00155072
3690 0.103015
3691 0.236062
3692 0.0806499
3693 -0.000115951
3694 -0.000150299
3695 0.000842775
3696 0.0801574
3697 0.616817
3698 -0.263329
3699 -0.000959901
3700 7.7735e-05
3701 0.000323661
3702 0.337362
3703 0.00858113
3704 0.61316
3705 0.00141303
3706 -0.000289846
3707 0.00155691
3708 0.0787764
3709 0.23695
3710 -0.104447
3711 -0.000303422
3712 2.49976e-05
3713 0.000666003
3714 0.405627
3715 0.115982
3716 0.325217
3717 0.000872166
3718 -0.000296769
3719 0.00138219
3720 0.470528
3721 0.0229252
3722 1.05004
3723 0.00178331
3724 -0.00015691
3725 0.00214535
3726 0.121194
3727 0.118186
3728 0.756265
3729 0.00138158
3730 0.00026471
3731 0.000500652
3732 0.584438
3733 0.000482072
3734 0.13218
3735 0.000218825
3736 -0.00032777
3737 0.002355
3738 0.356724
3739 0.355729
3740 -0.158475
3741 -0.000431053
3742 0.000273526
3743 0.0014633
3744 0.581733
3745 0.292998
3746 -0.248451
3747 -0.000447627
3748 -0.000234272
3749 0.00256391
3750 0.357382
3751 0.06032
3752 0.193611
3753 0.000771108
3754 0.000207458
3755 0.00146984
3756 0.056355
3757 0.181868
3758 1.23519
3759 0.00244301
3760 0.000425028
3761 0.00083933
3762 0.302986
3763 0.0684561
3764 2.85307
3765 0.00593663
3766 -1.8654e-05
3767 0.00164157
3768 0.397731
3769 0.0681946
3770 3.27314
3771 0.00613704
3772 -1.53645e-05
3773 0.00170534
3774 0.22508
3775 0.0605752
3776 1.37424
3777 0.00394711
3778 0.00299472
3779 0.00982699
3780 4.56518e-05
3781 0.000431117
3782 0.0585793
3783 0.000212921
3784 0.000748388
3785 2.60317e-05
3786 0.413059
3787 0.867098
3788 0.197775
3789 -0.00175748
3790 -0.00118586
3791 0.000553015
3792 0.0499201
3793 2.99192
3794 -0.136957
3795 -0.00583552
3796 0.000737297
3797 0.00037787
3798 0.44236
3799 2.86038
3800 -0.301649
3801 -0.00579732
3802 -0.0011649
3803 0.000761288
3804 0.292695
3805 2.15789
3806 -0.254682
3807 -0.0034009
3808 -0.000452305
3809 0.000587855
3810 0.0424234
3811 0.880867
3812 0.0285015
3813 -0.00120051
3814 0.000602067
3815 0.000552715
3816 0.527196
3817 2.16218
3818 -0.423953
3819 -0.0045642
3820 -0.000973886
3821 0.00103923
3822 0.1716
3823 1.66217
3824 -0.227287
3825 -0.00266288
3826 0.00025454
3827 0.000395728
3828 0.288149
3829 0.0946424
3830 0.213194
3831 0.000708954
3832 -4.30393e-05
3833 0.000837278
3834 0.345404
3835 0.219268
3836 0.0049159
3837 -0.000251886
3838 -0.000957202
3839 0.00115564
3840 0.473489
3841 0.166262
3842 0.346866
3843 0.000217546
3844 -0.000491235
3845 0.00132863
3846 0.267365
3847 0.750942
3848 -0.247943
3849 -0.00138294
3850 -0.000459736
3851 0.000607524
3852 0.103015
3853 0.519895
3854 0.126385
3855 -0.000659857
3856 0.000180202
3857 0.000163664
3858 0.0256458
3859 0.436504
3860 -0.189894
3861 -0.000663707
3862 0.000100986
3863 0.000477703
3864 0.450306
3865 0.493014
3866 0.200145
3867 -7.22959e-05
3868 -0.000482415
3869 0.00137736
3870 0.163613
3871 0.494968
3872 0.0968859
3873 -0.000252892
3874 0.000237166
3875 0.000709237
3876 0.157259
3877 0.357235
3878 0.225357
3879 -3.84846e-05
3880 0.000305298
3881 0.000921684
3882 0.555819
3883 0.270782
3884 0.24453
3885 0.000350752
3886 -0.000665906
3887 0.00170242
3888 0.315106
3889 0.498203
3890 -0.468706
3891 -0.00125721
3892 -6.37831e-05
3893 0.0014758
3894 0.331883
3895 0.111298
3896 -0.0961886
3897 8.66182e-06
3898 -0.000207034
3899 0.00136249
3900 0.620986
3901 0.0246646
3902 1.1415
3903 0.00235762
3904 -0.000415345
3905 0.00259452
3906 0.0302986
3907 0.0770776
3908 0.15065
3909 0.000413966
3910 0.00020962
3911 0.000166112
3912 0.493011
3913 0.19658
3914 0.176917
3915 0.000474458
3916 2.26004e-05
3917 0.00195194
3918 0.296183
3919 0.202702
3920 1.08867
3921 0.00205223
3922 0.000399754
3923 0.00114833
3924 0.418121
3925 0.0869838
3926 0.994704
3927 0.00196871
3928 -0.000199417
3929 0.00184306
3930 0.145525
3931 -0.0543709
3932 1.77656
3933 0.00357139
3934 0.0001198
3935 0.00127475
3936 0.00625109
3937 0.00144381
3938 2.88094
3939 0.00556538
3940 0.000321903
3941 0.000802531
3942 0.315106
3943 0.385066
3944 2.53475
3945 0.0053459
3946 0.000445499
3947 0.00197368
3948 0.344015
3949 -0.0476591
3950 1.26603
3951 0.00209079
3952 0.000362077
3953 0.00194946
3954 0.511303
3955 0.326196
3956 2.93323
3957 0.0122184
3958 0.00549629
3959 0.293681
3960 0.000471735
3961 0.000333136
3962 0.31804
3963 4.25412e-05
3964 0.000262697
3965 0.000444641
3966 0.134035
3967 0.170274
3968 0.283571
3969 -0.00031302
3970 5.56603e-05
3971 0.000652028
3972 0.555578
3973 2.67785
3974 0.0488313
3975 -0.00539775
3976 -0.00113444
3977 0.000549687
3978 0.302986
3979 0.0307568
3980 0.0384834
3981 0.00010333
3982 -0.000453876
3983 0.000338864
3984 0.494676
3985 1.30466
3986 0.174201
3987 -0.00227102
3988 -0.00141404
3989 0.00047429
3990 0.289278
3991 0.392894
3992 0.24682
3993 -0.000304394
3994 -0.000922745
3995 0.000371245
3996 0.181792
3997 1.96562
3998 -0.111142
3999 -0.00391699
4000 0.000179726
4001 0.000406961
4002 0.54643
4003 1.13642
4004 -0.261952
4005 -0.00149689
4006 -0.00098241
4007 0.00112085
4008 0.263919
4009 0.902516
4010 -0.0127859
4011 -0.00125523
4012 -0.000348983
4013 0.000659371
4014 0.490838
4015 0.20465
4016 0.0474091
4017 -0.000231695
4018 -0.000784118
4019 0.000811648
4020 0.0538574
4021 0.491397
4022 0.253871
4023 -0.000257663
4024 0.000700327
4025 6.70718e-05
4026 0.0316137
4027 0.850924
4028 -0.247244
4029 -0.00149633
4030 0.000419297
4031 0.000479151
4032 0.0666569
4033 0.530089
4034 -0.305248
4035 -0.00113046
4036 -2.57875e-05
4037 0.00068409
4038 0.289594
4039 0.41196
4040 -0.312866
4041 -0.000570337
4042 0.000127015
4043 0.000853314
4044 0.250171
4045 0.408725
4046 -0.141876
4047 -0.00048358
4048 -0.000375222
4049 0.00121141
4050 0.0727167
4051 0.624422
4052 -0.3062
4053 -0.0013442
4054 6.85742e-05
4055 0.000661845
4056 0.0234101
4057 0.278488
4058 -0.143256
4059 -0.000140158
4060 4.71789e-05
4061 0.000829441
4062 0.291431
4063 0.559981
4064 -0.0616816
4065 -0.000725747
4066 -0.000205357
4067 0.00124568
4068 0.115135
4069 0.267329
4070 0.0881341
4071 2.07527e-05
4072 0.00016957
4073 0.000591367
4074 0.511278
4075 0.0313654
4076 0.462321
4077 0.00114876
4078 -0.000101957
4079 0.00223355
4080 0.587543
4081 0.0641033
4082 0.133979
4083 0.000340477
4084 -0.00040825
4085 0.00230131
4086 0.551435
4087 0.0924932
4088 0.861973
4089 0.00187176
4090 -0.0004777
4091 0.0026277
4092 0.561184
4093 0.182209
4094 1.34545
4095 0.00230713
4096 -7.57849e-05
4097 0.00225458
4098 0.204324
4099 0.184717
4100 -0.273852
4101 -0.000971515
4102 0.000264402
4103 0.000933109
4104 0.399942
4105 0.19228
4106 1.63672
4107 0.0031888
4108 0.000184751
4109 0.00223023
4110 0.162324
4111 0.147896
4112 1.50562
4113 0.00278033
4114 0.000363574
4115 0.000529597
4116 0.249183
4117 0.0163058
4118 1.84788
4119 0.0033935
4120 0.00042158
4121 0.00182362
4122 0.581733
4123 0.00855701
4124 1.03713
4125 0.00225106
4126 8.52016e-05
4127 0.00255223
4128 0.472528
4129 0.2188
4130 0.675463
4131 0.00113759
4132 0.00032757
4133 0.00192743
4134 0.137484
4135 0.25265
4136 1.08772
4137 0.00494175
4138 0.00214788
4139 0.325757
4140 9.89121e-05
4141 0.000137174
4142 0.209201
4143 0.000110154
4144 0.000738643
4145 3.64277e-05
4146 0.0730275
4147 2.94661
4148 0.198449
4149 -0.00593677
4150 -0.00015901
4151 0.000335335
4152 0.225137
4153 3.55953
4154 0.00798993
4155 -0.00640163
4156 -0.000223483
4157 0.000179343
4158 0.327225
4159 2.276
4160 -0.0744479
4161 -0.00440315
4162 -0.00097854
4163 0.000598559
4164 0.284332
4165 1.79943
4166 -0.27851
4167 -0.00312248
4168 -0.000399055
4169 0.000827351
4170 0.284685
4171 1.47617
4172 -0.226834
4173 -0.00250512
4174 -0.000559833
4175 0.000428561
4176 0.0908958
4177 2.03114
4178 -0.303922
4179 -0.00410609
4180 0.000341441
4181 0.000385251
4182 0.0489733
4183 1.74316
4184 -0.440493
4185 -0.00275538
4186 0.000219099
4187 0.000163353
4188 0.403868
4189 1.05515
4190 -0.31741
4191 -0.00153995
4192 -0.000428025
4193 0.000662077
4194 0.369643
4195 0.438536
4196 0.0971864
4197 -0.000621559
4198 -0.000442411
4199 0.000767331
4200 0.251053
4201 0.65869
4202 0.00836047
4203 -0.00106681
4204 1.36809e-05
4205 0.000885804
4206 0.131495
4207 0.641691
4208 -0.333429
4209 -0.00134056
4210 0.000202574
4211 0.000287578
4212 0.193911
4213 0.764551
4214 -0.0439421
4215 -0.00119852
4216 -0.000262344
4217 0.000396501
4218 0.486751
4219 -0.0402758
4220 -0.0553921
4221 0.000389479
4222 -0.000961539
4223 0.001557
4224 0.531187
4225 0.277137
4226 -0.057515
4227 -0.000351172
4228 -0.000800381
4229 0.00162577
4230 0.0727167
4231 0.7158
4232 -0.457247
4233 -0.00157751
4234 -5.83816e-05
4235 0.000747799
4236 0.138549
4237 0.382119
4238 0.283012
4239 0.000253807
4240 0.000326987
4241 0.000575052
4242 0.396413
4243 0.164964
4244 0.349045
4245 0.000665413
4246 6.96807e-05
4247 0.00105471
4248 0.448419
4249 0.018227
4250 0.949419
4251 0.00180235
4252 -0.000287045
4253 0.00196729
4254 0.105245
4255 0.0886597
4256 -0.117104
4257 -0.000239639
4258 0.000222867
4259 0.000783849
4260 0.554756
4261 0.218651
4262 0.846598
4263 0.00138615
4264 -0.000218273
4265 0.00196388
4266 0.502957
4267 0.503574
4268 -0.0838351
4269 -0.00056551
4270 -5.17678e-05
4271 0.00198506
4272 0.0789232
4273 0.284395
4274 -0.121103
4275 -0.000348918
4276 0.000110496
4277 0.000995066
4278 0.43766
4279 0.111089
4280 1.45038
4281 0.00309129
4282 2.18421e-05
4283 0.00150889
4284 0.327225
4285 0.283842
4286 0.790579
4287 0.00146624
4288 3.66948e-05
4289 0.00153608
4290 0.0358773
4291 0.152421
4292 0.914085
4293 0.00178134
4294 0.000580002
4295 0.000631627
4296 0.0657161
4297 0.0014417
4298 0.812675
4299 0.00168352
4300 0.000543131
4301 0.00102498
4302 0.496897
4303 0.0641776
4304 2.33451
4305 0.00491381
4306 -4.02922e-05
4307 0.00269365
4308 0.533025
4309 0.225035
4310 3.12296
4311 0.00586905
4312 0.000461097
4313 0.0021912
4314 0.0627395
4315 0.0452039
4316 2.32935
4317 0.00839786
4318 0.00123525
4319 0.357986
4320 0.000601081
4321 0.00182245
4322 0.627655
4323 0.000107804
4324 3.69534e-05
4325 0.000145503
4326 0.276921
4327 2.55768
4328 -0.104343
4329 -0.00514826
4330 -0.00069133
4331 0.000643457
4332 0.262529
4333 3.43775
4334 0.0792572
4335 -0.00634002
4336 -1.6671e-05
4337 0.000408796
4338 0.0242389
4339 1.10724
4340 0.16175
4341 -0.00213973
4342 0.000454706
4343 2.95544e-05
4344 0.0078084
4345 1.27046
4346 0.00967901
4347 -0.00205991
4348 0.000153965
4349 0.000447799
4350 0.177258
4351 2.24037
4352 -0.583998
4353 -0.00427851
4354 -0.000394459
4355 0.000243831
4356 0.448419
4357 1.04833
4358 -0.172813
4359 -0.00217636
4360 -0.000923582
4361 0.000581934
4362 0.196216
4363 0.648279
4364 0.149934
4365 -0.000497359
4366 -0.000338164
4367 0.000567875
4368 0.199571
4369 0.98246
4370 -0.0690261
4371 -0.00160922
4372 -0.000372068
4373 0.000526919
4374 0.581733
4375 0.160797
4376 -0.0460673
4377 -0.00010749
4378 -0.00104873
4379 0.00131769
4380 0.121031
4381 0.645521
4382 -0.0960562
4383 -0.000930296
4384 -0.000114694
4385 0.000460315
4386 0.356537
4387 0.452684
4388 -0.0735244
4389 -0.000742879
4390 -0.000224139
4391 0.00112384
4392 0.21815
4393 0.560671
4394 0.14964
4395 -0.000667677
4396 -0.000441637
4397 0.000499523
4398 0.579415
4399 0.189126
4400 -0.224871
4401 -0.000219605
4402 -0.000725144
4403 0.00183562
4404 0.628306
4405 0.160341
4406 -0.102398
4407 -0.000251929
4408 -0.00103539
4409 0.00188045
4410 0.4363
4411 0.0152298
4412 0.0865107
4413 0.000364796
4414 -0.000230387
4415 0.00107345
4416 0.516459
4417 0.208873
4418 0.449415
4419 0.000752814
4420 -0.000354098
4421 0.001334
4422 0.307945
4423 0.0186045
4424 0.461748
4425 0.000597769
4426 3.09444e-05
4427 0.00089131
4428 0.339344
4429 0.346312
4430 0.0771045
4431 -0.000115255
4432 -0.000458723
4433 0.00156226
4434 0.15795
4435 0.278438
4436 -0.197827
4437 -0.000357229
4438 -7.29e-05
4439 0.00101142
4440 0.189563
4441 0.331727
4442 0.294175
4443 0.000614881
4444 -9.79515e-05
4445 0.000722975
4446 0.557494
4447 0.405942
4448 -0.193772
4449 -0.000571648
4450 -5.20293e-05
4451 0.00222168
4452 0.537359
4453 0.421874
4454 -0.48744
4455 -0.000820263
4456 -0.000278402
4457 0.00198067
4458 0.288718
4459 0.306616
4460 1.10983
4461 0.00214541
4462 0.000293653
4463 0.00130163
4464 0.309046
4465 0.0320467
4466 0.764191
4467 0.00178786
4468 -8.15999e-05
4469 0.00171772
4470 0.464803
4471 0.318694
4472 1.76218
4473 0.00326161
4474 0.000367757
4475 0.00198753
4476 0.33883
4477 0.0943003
4478 0.547248
4479 0.000765072
4480 7.10123e-05
4481 0.00202884
4482 0.0302986
4483 0.179697
4484 1.84928
4485 0.00385534
4486 0.000551256
4487 0.000539127
4488 0.432371
4489 0.129087
4490 3.1055
4491 0.00620044
4492 0.00053329
4493 0.00185352
4494 0.308979
4495 0.0107339
4496 3.82909
4497 0.0146406
4498 0.00262677
4499 0.322722
4500 6.84776e-05
4501 0.000548694
4502 0.276135
4503 0.000107192
4504 0.000705346
4505 0.000251904
4506 0.32847
4507 0.164183
4508 -0.0405623
4509 -0.000230696
4510 -0.000931641
4511 0.000231864
4512 0.140615
4513 3.24591
4514 -0.212187
4515 -0.00661193
4516 0.000384613
4517 0.000128942
4518 0.599913
4519 1.19952
4520 -0.12498
4521 -0.00231483
4522 -0.00172268
4523 0.000815224
4524 0.182973
4525 2.65366
4526 -0.245227
4527 -0.00503518
4528 -0.000504119
4529 0.000502859
4530 0.269485
4531 2.37081
4532 -0.31032
4533 -0.00393482
4534 -0.000595828
4535 0.000598742
4536 0.351464
4537 2.0093
4538 -0.430416
4539 -0.00396517
4540 -0.000571388
4541 0.000843307
4542 0.176996
4543 0.153591
4544 -0.00311182
4545 0.000567347
4546 3.85767e-05
4547 0.00055302
4548 0.119905
4549 0.482404
4550 -0.166794
4551 -0.00105145
4552 -3.57233e-05
4553 0.000401705
4554 0.581733
4555 1.27176
4556 -0.4134
4557 -0.00258986
4558 -0.00118201
4559 0.00138917
4560 0.181629
4561 0.567421
4562 0.0596997
4563 -0.000424406
4564 -0.000176097
4565 0.000556903
4566 0.566619
4567 -0.0585174
4568 0.356594
4569 0.000653633
4570 -0.000663102
4571 0.00159061
4572 0.44236
4573 0.387373
4574 -0.222598
4575 -0.000855067
4576 -0.000813195
4577 0.000936885
4578 0.250312
4579 0.5657
4580 -0.35791
4581 -0.00112242
4582 4.51775e-05
4583 0.000698
4584 0.136478
4585 0.351108
4586 0.296691
4587 7.3396e-05
4588 -1.62233e-06
4589 0.000358598
4590 0.199971
4591 0.479738
4592 0.307356
4593 5.21311e-05
4594 3.51741e-05
4595 0.000726973
4596 0.117504
4597 0.360867
4598 0.306076
4599 3.78541e-05
4600 -5.61603e-05
4601 0.000946604
4602 0.0557236
4603 0.343859
4604 -0.0396721
4605 -0.000245914
4606 0.000615129
4607 0.00030267
4608 0.121194
4609 0.334161
4610 -0.195653
4611 -0.000603881
4612 0.000193665
4613 0.00100574
4614 0.148106
4615 0.255909
4616 -0.21133
4617 -0.000204076
4618 9.05995e-05
4619 0.00115081
4620 0.142246
4621 0.346547
4622 0.196295
4623 0.00033884
4624 0.000427653
4625 0.000493799
4626 0.357524
4627 0.236371
4628 -0.226997
4629 -0.000515441
4630 9.08294e-05
4631 0.00159576
4632 0.547062
4633 0.470279
4634 -0.667651
4635 -0.00154147
4636 -0.00019276
4637 0.00260342
4638 0.181789
4639 -0.0138413
4640 0.810012
4641 0.0021453
4642 7.57486e-05
4643 0.000700573
4644 0.321165
4645 0.0549372
4646 1.21332
4647 0.0026873
4648 -0.000101259
4649 0.00138865
4650 0.508116
4651 0.21057
4652 0.329031
4653 0.000521321
4654 5.98426e-05
4655 0.00204634
4656 0.136723
4657 0.223112
4658 -0.17406
4659 -0.000218223
4660 0.000510314
4661 0.0012948
4662 0.375703
4663 0.017114
4664 1.27458
4665 0.00292253
4666 0.000196963
4667 0.0015361
4668 0.56055
4669 -0.0249128
4670 2.01028
4671 0.00400763
4672 0.000516886
4673 0.00210979
4674 0.0371742
4675 0.0682227
4676 3.67305
4677 0.0146043
4678 0.00159737
4679 0.723524
4680 0.000677168
4681 1.95962e-05
4682 0.200931
4683 -3.412e-05
4684 0.000527424
4685 0.00046052
4686 0.272674
4687 1.08205
4688 -0.032873
4689 -0.0022645
4690 -0.000265712
4691 0.000170663
4692 0.590581
4693 1.25536
4694 0.130907
4695 -0.00212226
4696 -0.00129131
4697 0.000455445
4698 0.302986
4699 1.32254
4700 0.118803
4701 -0.00248718
4702 -0.000520435
4703 0.000174847
4704 0.052338
4705 0.213833
4706 0.299214
4707 0.000414924
4708 0.00019205
4709 9.49486e-05
4710 0.432755
4711 0.255086
4712 -0.0465725
4713 -0.000485332
4714 -0.00122305
4715 0.000778109
4716 0.575674
4717 1.70353
4718 -0.273953
4719 -0.00326832
4720 -0.00176994
4721 0.000756297
4722 0.387285
4723 1.48385
4724 -0.397069
4725 -0.00234791
4726 -0.000478038
4727 0.000844292
4728 0.290246
4729 1.60566
4730 -0.461555
4731 -0.00305532
4732 -0.0001719
4733 0.000491531
4734 0.412061
4735 0.380065
4736 0.179805
4737 -0.00016051
4738 -0.0011618
4739 0.00119168
4740 0.235959
4741 0.603389
4742 0.0778513
4743 -0.000826595
4744 -0.000357425
4745 0.000835617
4746 0.231493
4747 0.735043
4748 -0.482253
4749 -0.00169701
4750 -0.000441374
4751 0.000628295
4752 0.357524
4753 0.275238
4754 0.333166
4755 0.000340141
4756 -0.000568676
4757 0.0010366
4758 0.0804983
4759 0.245242
4760 0.0953256
4761 -0.00017449
4762 0.000532619
4763 0.000726801
4764 0.178899
4765 0.755961
4766 -0.0944256
4767 -0.00128046
4768 4.77106e-05
4769 0.000917211
4770 0.206031
4771 0.487353
4772 -0.132934
4773 -0.000592406
4774 0.000263649
4775 0.00104367
4776 0.123958
4777 0.268359
4778 -0.247281
4779 -0.000406613
4780 7.24317e-06
4781 0.000915487
4782 0.13475
4783 0.610706
4784 0.167183
4785 -0.000425891
4786 0.000393842
4787 0.000565785
4788 0.490838
4789 0.273404
4790 0.408005
4791 0.000613475
4792 -0.000210091
4793 0.0020235
4794 0.496142
4795 0.146165
4796 -0.224184
4797 -0.000624376
4798 3.37496e-05
4799 0.00206291
4800 0.225601
4801 0.236184
4802 0.196057
4803 0.000230043
4804 0.000528167
4805 0.00111535
4806 0.0848361
4807 0.44705
4808 0.0902499
4809 9.75697e-05
4810 0.000160002
4811 0.000230027
4812 0.139458
4813 0.366602
4814 0.61305
4815 0.00112792
4816 2.49101e-06
4817 0.000489396
4818 0.336998
4819 0.0580127
4820 1.26827
4821 0.00254717
4822 2.59522e-05
4823 0.00164114
4824 0.00605972
4825 0.297576
4826 1.55801
4827 0.00333245
4828 0.000545835
4829 0.000172373
4830 0.218521
4831 0.188879
4832 2.13624
4833 0.00412215
4834 0.000386688
4835 0.00152677
4836 0.579276
4837 0.0778697
4838 1.16723
4839 0.00203991
4840 0.000112463
4841 0.00214266
4842 0.0484778
4843 0.320888
4844 0.876891
4845 0.00188455
4846 0.000176462
4847 0.00106169
4848 0.342837
4849 0.023766
4850 2.85849
4851 0.00578802
4852 0.000194255
4853 0.00218918
4854 0.27092
4855 0.198981
4856 2.16829
4857 0.00731838
4858 0.00235118
4859 0.132995
4860 0.000281519
4861 0.00182245
4862 0.736376
4863 0.00010677
4864 0.000662824
4865 5.14072e-05
4866 0.186033
4867 1.40085
4868 0.02766
4869 -0.00262528
4870 0.000238615
4871 0.000246754
4872 0.427098
4873 0.302896
4874 0.284858
4875 -0.000104539
4876 -0.00106744
4877 0.000688973
4878 0.557494
4879 1.72238
4880 -0.00129655
4881 -0.00329519
4882 -0.00194078
4883 0.000851584
4884 0.0526335
4885 0.837118
4886 -0.0383372
4887 -0.00118393
4888 0.00017376
4889 0.000245809
4890 0.417048
4891 1.78672
4892 -0.0565777
4893 -0.00311415
4894 -0.000552459
4895 0.000416599
4896 0.0363583
4897 0.0873607
4898 0.299962
4899 7.92337e-05
4900 7.90729e-05
4901 0.000235338
4902 0.354079
4903 1.12302
4904 -0.274055
4905 -0.00205317
4906 -0.000337167
4907 0.000433273
4908 0.32262
4909 1.40679
4910 -0.437678
4911 -0.00265579
4912 -0.000734256
4913 0.00104297
4914 0.424181
4915 1.16943
4916 -0.151917
4917 -0.00231342
4918 -0.00042124
4919 0.000782477
4920 0.515587
4921 0.754087
4922 -0.172707
4923 -0.0010691
4924 -0.00102821
4925 0.00144932
4926 0.0598831
4927 0.0167255
4928 0.0426737
4929 0.000364213
4930 3.85068e-05
4931 0.000770077
4932 0.593853
4933 0.224268
4934 0.140055
4935 0.000132324
4936 -0.00132097
4937 0.00148245
4938 0.0492327
4939 0.83977
4940 -0.451913
4941 -0.00193497
4942 0.000509056
4943 0.000318371
4944 0.520056
4945 0.691604
4946 -0.299826
4947 -0.00121607
4948 -0.000978605
4949 0.00138074
4950 0.399942
4951 0.487353
4952 -0.361381
4953 -0.000902803
4954 -0.000522112
4955 0.00101592
4956 0.253276
4957 0.479911
4958 -0.0565828
4959 -0.000307754
4960 0.000298396
4961 0.000683963
4962 0.0521127
4963 0.118417
4964 0.568362
4965 0.000951173
4966 0.000363734
4967 0.000859019
4968 0.43024
4969 0.37669
4970 -0.270597
4971 -0.000909948
4972 -0.000221761
4973 0.00185453
4974 0.552342
4975 0.236024
4976 0.161792
4977 0.000203696
4978 -7.37652e-05
4979 0.00162847
4980 0.0482583
4981 0.167959
4982 0.102938
4983 0.000346227
4984 0.000591192
4985 0.00036531
4986 0.321165
4987 0.220956
4988 0.245728
4989 0.000296779
4990 -0.000205135
4991 0.00160691
4992 0.229343
4993 0.249998
4994 0.343357
4995 0.000579158
4996 9.5006e-05
4997 0.000940404
4998 0.346273
4999 0.356823
5000 1.08906
5001 0.00214767
5002 -2.07858e-05
5003 0.00151425
5004 0.296926
5005 0.0778276
5006 0.0899577
5007 0.000374558
5008 0.000375497
5009 0.00100014
5010 0.421472
5011 0.111904
5012 1.47091
5013 0.00289762
5014 0.00019439
5015 0.00181359
5016 0.54967
5017 0.0829937
5018 1.9273
5019 0.0038282
5020 0.000337269
5021 0.00207101
5022 0.551435
5023 0.017114
5024 1.8282
5025 0.00399678
5026 0.000105543
5027 0.00261328
5028 0.355185
5029 0.185741
5030 1.53404
5031 0.00259332
5032 0.000300081
5033 0.00177977
5034 0.298483
5035 0.0950946
5036 2.19081
5037 0.00882078
5038 0.00401867
5039 0.326042
5040 0.000114129
5041 0.000470309
5042 0.60247
5043 0.00022833
5044 0.000766638
5045 0.000388324
5046 0.528241
5047 2.68829
5048 -0.106172
5049 -0.00554775
5050 -0.00152068
5051 0.00041182
5052 0.0825378
5053 3.0615
5054 -0.0692209
5055 -0.00531618
5056 0.000188068
5057 0.000121137
5058 0.127254
5059 3.04492
5060 -0.297509
5061 -0.00625716
5062 -9.68747e-05
5063 0.000230274
5064 0.136489
5065 0.641693
5066 -0.0596985
5067 -0.000266295
5068 -0.000237426
5069 0.000263648
5070 0.373146
5071 0.103106
5072 0.129194
5073 8.19694e-05
5074 -0.000958438
5075 0.000673075
5076 0.551435
5077 1.22305
5078 -0.071902
5079 -0.00211327
5080 -0.0015561
5081 0.000991433
5082 0.440022
5083 0.909146
5084 -0.378125
5085 -0.00140092
5086 -0.000926249
5087 0.00119104
5088 0.197363
5089 0.685373
5090 -0.153697
5091 -0.00121032
5092 0.000344599
5093 0.00054569
5094 0.375703
5095 0.20465
5096 0.227257
5097 0.000157989
5098 -0.000859358
5099 0.00103078
5100 0.196954
5101 0.254481
5102 0.263768
5103 -3.14465e-05
5104 0.000299772
5105 0.000793978
5106 0.308189
5107 0.0809923
5108 0.147012
5109 6.5548e-05
5110 -0.000156751
5111 0.000651518
5112 0.551435
5113 0.754357
5114 0.0110006
5115 -0.000871515
5116 -0.000876981
5117 0.00111432
5118 0.470328
5119 0.124164
5120 0.339401
5121 0.000488909
5122 -0.000799414
5123 0.00171896
5124 0.442948
5125 -0.0632143
5126 0.458978
5127 0.000799218
5128 -0.000613404
5129 0.00149025
5130 0.575674
5131 0.327441
5132 0.17328
5133 7.94811e-05
5134 -0.00092828
5135 0.00185472
5136 0.163016
5137 0.183864
5138 0.376652
5139 0.000570739
5140 0.000252571
5141 0.000583448
5142 0.013154
5143 0.161916
5144 0.0170519
5145 3.44511e-05
5146 0.000249596
5147 0.000256783
5148 0.0727167
5149 0.157967
5150 0.773074
5151 0.00151674
5152 0.000105717
5153 0.00075859
5154 0.0294689
5155 0.0272565
5156 0.905379
5157 0.00158016
5158 0.000353238
5159 0.00035545
5160 0.218855
5161 0.0512584
5162 0.670726
5163 0.00120136
5164 0.000233595
5165 0.00119693
5166 0.466599
5167 0.174709
5168 0.231351
5169 0.000345597
5170 -0.000292207
5171 0.00150056
5172 0.0339105
5173 0.130454
5174 -0.234537
5175 -0.000610923
5176 5.71103e-05
5177 0.000943587
5178 0.301909
5179 0.461437
5180 -0.344947
5181 -0.000575459
5182 0.000253614
5183 0.00119053
5184 0.0181792
5185 0.100718
5186 0.298846
5187 0.000713553
5188 0.000348837
5189 0.000761992
5190 0.479976
5191 0.119196
5192 0.321685
5193 0.000749943
5194 0.00036681
5195 0.00251375
5196 0.633192
5197 0.328475
5198 0.756545
5199 0.0013445
5200 0.000269213
5201 0.00312665
5202 0.181792
5203 0.320888
5204 0.200241
5205 0.000401656
5206 -4.12156e-05
5207 0.00069737
5208 0.352569
5209 0.251295
5210 2.80046
5211 0.00585348
5212 0.000137491
5213 0.00212684
5214 0.157308
5215 0.145477
5216 2.59634
5217 0.00930107
5218 0.00153654
5219 0.506685
5220 0.000311954
5221 0.00172447
5222 0.803321
5223 0.000170361
5224 0.000118458
5225 0.000126037
5226 0.246396
5227 2.89264
5228 0.0819135
5229 -0.00597404
5230 -0.000327589
5231 0.000135584
5232 0.175722
5233 3.03541
5234 -0.134681
5235 -0.00540595
5236 -4.44384e-05
5237 0.000253031
5238 0.351464
5239 0.799677
5240 -0.0647796
5241 -0.00145369
5242 -0.000457275
5243 0.000616563
5244 0.461813
5245 1.56985
5246 -0.237943
5247 -0.00283638
5248 -0.00152447
5249 0.000940711
5250 0.613901
5251 0.321297
5252 0.315986
5253 0.000232803
5254 -0.00174863
5255 0.00124658
5256 0.121194
5257 0.502324
5258 0.0434731
5259 -0.000911882
5260 -9.88157e-05
5261 0.000533897
5262 0.48748
5263 1.88381
5264 -0.588825
5265 -0.00393353
5266 -0.00106969
5267 0.000895681
5268 0.561931
5269 1.53622
5270 -0.486559
5271 -0.00251598
5272 -0.000771545
5273 0.00121844
5274 0.260568
5275 0.292358
5276 0.0802065
5277 -0.000334233
5278 -9.32236e-05
5279 0.000440932
5280 0.315846
5281 1.16049
5282 -0.339626
5283 -0.00222641
5284 -3.47207e-05
5285 0.000763342
5286 0.367588
5287 0.0125541
5288 0.311805
5289 0.000789681
5290 -0.000498246
5291 0.00127144
5292 0.248449
5293 0.693193
5294 -0.254757
5295 -0.00115912
5296 -2.99611e-05
5297 0.000874935
5298 0.0179978
5299 0.229491
5300 0.340994
5301 0.000550328
5302 0.000494328
5303 0.000356163
5304 0.405859
5305 0.365313
5306 -0.00500511
5307 -0.000360805
5308 -6.34766e-05
5309 0.00100443
5310 0.175732
5311 0.502583
5312 0.242942
5313 -0.000296028
5314 -0.000272159
5315 0.000497726
5316 0.461191
5317 0.178775
5318 0.139236
5319 0.000298757
5320 -0.000465807
5321 0.00157795
5322 0.58968
5323 0.118162
5324 0.622829
5325 0.000881247
5326 -0.000178592
5327 0.00222691
5328 0.369643
5329 0.0546809
5330 0.167231
5331 0.00025891
5332 5.48106e-05
5333 0.00140622
5334 0.0631565
5335 0.103432
5336 0.082666
5337 4.72811e-05
5338 0.000275766
5339 0.000837434
5340 0.0866197
5341 0.278759
5342 -0.0989223
5343 -0.000189713
5344 0.000578023
5345 0.000246227
5346 0.163613
5347 0.431635
5348 -0.284862
5349 -0.000592785
5350 -6.248e-05
5351 0.00067167
5352 0.0361179
5353 0.381568
5354 -0.153666
5355 -0.000257868
5356 0.000184499
5357 0.00029996
5358 0.21924
5359 0.39183
5360 0.885117
5361 0.00183393
5362 0.000460177
5363 0.000712109
5364 0.460539
5365 0.0549372
5366 1.19148
5367 0.00239599
5368 -0.000203199
5369 0.00207446
5370 0.427352
5371 -0.0465609
5372 0.518608
5373 0.000761232
5374 0.000302028
5375 0.00236281
5376 0.426124
5377 -0.00963084
5378 2.23189
5379 0.00476503
5380 0.000472869
5381 0.00226311
5382 0.0908958
5383 0.342281
5384 2.63928
5385 0.00549567
5386 0.000129509
5387 0.000464174
5388 0.479251
5389 -0.00516665
5390 1.52246
5391 0.00260547
5392 0.000512157
5393 0.00272715
5394 0.142812
5395 0.0429529
5396 2.93455
5397 0.0118124
5398 0.00111841
5399 0.0354471
5400 0.00344894
5401 0.000412943
5402 0.0011344
5403 0.128857
5404 5.6754e-05
5405 0.00119077
5406 0.0824527
5407 -6.78347e-05
5408 0.00133556
5409 0.356337
5410 -0.000871138
5411 0.00126055
5412 0.169931
5413 0.000491112
5414 0.00113399
5415 0.723101
5416 -0.00222428
5417 0.00125288
5418 1.12499
5419 -0.00257339
5420 0.00154509
5421 0.298574
5422 -0.000792684
5423 0.000827387
5424 0.546697
5425 -0.0013868
5426 0.00156502
5427 0.568975
5428 -0.000296819
5429 0.00132801
5430 0.132962
5431 0.00126926
5432 0.000218816
5433 0.478994
5434 -0.000592251
5435 0.00136885
5436 0.350805
5437 -9.07734e-06
5438 0.000979833
5439 0.388035
5440 0.000735451
5441 0.000875909
5442 0.207695
5443 -0.000253996
5444 0.00140513
5445 0.595296
5446 -0.000451152
5447 0.00178546
5448 0.874585
5449 -0.000705444
5450 0.00305378
5451 0.470133
5452 0.000637101
5453 0.00137902
5454 0.0241934
5455 0.00123631
5456 0.00073797
5457 0.727367
5458 0.00024411
5459 0.00247578
5460 0.826355
5461 -0.000402269
5462 0.00291565
5463 1.05849
5464 -0.000925729
5465 0.00452924
5466 0.420226
5467 8.19012e-05
5468 0.00237237
5469 0.600127
5470 -8.94153e-05
5471 0.00257308
